# Added mass matrix, F0 and tau0
Time = 0                   6 6
(
(0.000000000000e+00 0.000000000000e+00 0.000000000000e+00 0.000000000000e+00 0.000000000000e+00 0.000000000000e+00)
(0.000000000000e+00 0.000000000000e+00 0.000000000000e+00 0.000000000000e+00 0.000000000000e+00 0.000000000000e+00)
(0.000000000000e+00 0.000000000000e+00 0.000000000000e+00 0.000000000000e+00 0.000000000000e+00 0.000000000000e+00)
(0.000000000000e+00 0.000000000000e+00 0.000000000000e+00 0.000000000000e+00 0.000000000000e+00 0.000000000000e+00)
(0.000000000000e+00 0.000000000000e+00 0.000000000000e+00 0.000000000000e+00 0.000000000000e+00 0.000000000000e+00)
(0.000000000000e+00 0.000000000000e+00 0.000000000000e+00 0.000000000000e+00 0.000000000000e+00 0.000000000000e+00)
)

F0               : (0.000000000000e+00 0.000000000000e+00 0.000000000000e+00)
tau0             : (0.000000000000e+00 0.000000000000e+00 0.000000000000e+00)

Time = 0.00598802          6 6
(
(0.000000000000e+00 0.000000000000e+00 0.000000000000e+00 0.000000000000e+00 0.000000000000e+00 0.000000000000e+00)
(0.000000000000e+00 0.000000000000e+00 0.000000000000e+00 0.000000000000e+00 0.000000000000e+00 0.000000000000e+00)
(0.000000000000e+00 0.000000000000e+00 0.000000000000e+00 0.000000000000e+00 0.000000000000e+00 0.000000000000e+00)
(0.000000000000e+00 0.000000000000e+00 0.000000000000e+00 0.000000000000e+00 0.000000000000e+00 0.000000000000e+00)
(0.000000000000e+00 0.000000000000e+00 0.000000000000e+00 0.000000000000e+00 0.000000000000e+00 0.000000000000e+00)
(0.000000000000e+00 0.000000000000e+00 0.000000000000e+00 0.000000000000e+00 0.000000000000e+00 0.000000000000e+00)
)

F0               : (0.000000000000e+00 0.000000000000e+00 0.000000000000e+00)
tau0             : (0.000000000000e+00 0.000000000000e+00 0.000000000000e+00)

Time = 0.013191            6 6
(
(0.000000000000e+00 8.732273208567e-13 0.000000000000e+00 0.000000000000e+00 0.000000000000e+00 0.000000000000e+00)
(0.000000000000e+00 3.137879174297e+00 0.000000000000e+00 0.000000000000e+00 0.000000000000e+00 0.000000000000e+00)
(0.000000000000e+00 1.699513943627e-20 0.000000000000e+00 0.000000000000e+00 0.000000000000e+00 0.000000000000e+00)
(0.000000000000e+00 -1.168635667072e-20 0.000000000000e+00 0.000000000000e+00 0.000000000000e+00 0.000000000000e+00)
(0.000000000000e+00 5.096517052898e-21 0.000000000000e+00 0.000000000000e+00 0.000000000000e+00 0.000000000000e+00)
(0.000000000000e+00 -3.525052560406e-16 0.000000000000e+00 0.000000000000e+00 0.000000000000e+00 0.000000000000e+00)
)

F0               : (-4.543140494882e-14 6.282668849857e-01 -1.150471216962e-20)
tau0             : (-1.169910315851e-20 4.948874655883e-21 -3.444139725072e-16)

Time = 0.0218472           6 6
(
(0.000000000000e+00 9.043080019179e-13 0.000000000000e+00 0.000000000000e+00 0.000000000000e+00 0.000000000000e+00)
(0.000000000000e+00 3.137879174301e+00 0.000000000000e+00 0.000000000000e+00 0.000000000000e+00 0.000000000000e+00)
(0.000000000000e+00 2.757896122754e-21 0.000000000000e+00 0.000000000000e+00 0.000000000000e+00 0.000000000000e+00)
(0.000000000000e+00 1.859475931901e-21 0.000000000000e+00 0.000000000000e+00 0.000000000000e+00 0.000000000000e+00)
(0.000000000000e+00 -3.722331869427e-21 0.000000000000e+00 0.000000000000e+00 0.000000000000e+00 0.000000000000e+00)
(0.000000000000e+00 -3.386680721044e-16 0.000000000000e+00 0.000000000000e+00 0.000000000000e+00 0.000000000000e+00)
)

F0               : (-4.284712775554e-15 6.282619928614e-01 2.736369933270e-21)
tau0             : (1.861605355435e-21 -3.726135605342e-21 -3.343366097755e-16)

Time = 0.0322531           6 6
(
(0.000000000000e+00 8.788543677711e-13 0.000000000000e+00 0.000000000000e+00 0.000000000000e+00 0.000000000000e+00)
(0.000000000000e+00 3.137879174311e+00 0.000000000000e+00 0.000000000000e+00 0.000000000000e+00 0.000000000000e+00)
(0.000000000000e+00 1.533810406627e-20 0.000000000000e+00 0.000000000000e+00 0.000000000000e+00 0.000000000000e+00)
(0.000000000000e+00 -9.413638363083e-21 0.000000000000e+00 0.000000000000e+00 0.000000000000e+00 0.000000000000e+00)
(0.000000000000e+00 -1.159132784200e-22 0.000000000000e+00 0.000000000000e+00 0.000000000000e+00 0.000000000000e+00)
(0.000000000000e+00 -3.438825413636e-16 0.000000000000e+00 0.000000000000e+00 0.000000000000e+00 0.000000000000e+00)
)

F0               : (-2.526884951282e-14 6.282599469563e-01 1.216172056398e-21)
tau0             : (-2.515364249965e-20 -3.727065939984e-21 -3.289463038574e-16)

Time = 0.0446601           6 6
(
(0.000000000000e+00 8.769542991583e-13 0.000000000000e+00 0.000000000000e+00 0.000000000000e+00 0.000000000000e+00)
(0.000000000000e+00 3.137879174326e+00 0.000000000000e+00 0.000000000000e+00 0.000000000000e+00 0.000000000000e+00)
(0.000000000000e+00 2.650069331948e-21 0.000000000000e+00 0.000000000000e+00 0.000000000000e+00 0.000000000000e+00)
(0.000000000000e+00 -5.186162167158e-22 0.000000000000e+00 0.000000000000e+00 0.000000000000e+00 0.000000000000e+00)
(0.000000000000e+00 1.335793063579e-21 0.000000000000e+00 0.000000000000e+00 0.000000000000e+00 0.000000000000e+00)
(0.000000000000e+00 -3.290227424687e-16 0.000000000000e+00 0.000000000000e+00 0.000000000000e+00 0.000000000000e+00)
)

F0               : (7.018238529395e-14 6.282589186139e-01 -1.150752819231e-20)
tau0             : (-1.397508349115e-20 -1.143359001384e-22 -3.395140986656e-16)

Time = 0.0595873           6 6
(
(0.000000000000e+00 8.655996825549e-13 0.000000000000e+00 0.000000000000e+00 0.000000000000e+00 0.000000000000e+00)
(0.000000000000e+00 3.137879174342e+00 0.000000000000e+00 0.000000000000e+00 0.000000000000e+00 0.000000000000e+00)
(0.000000000000e+00 2.650070436768e-21 0.000000000000e+00 0.000000000000e+00 0.000000000000e+00 0.000000000000e+00)
(0.000000000000e+00 -2.790967999856e-21 0.000000000000e+00 0.000000000000e+00 0.000000000000e+00 0.000000000000e+00)
(0.000000000000e+00 -3.723370929015e-21 0.000000000000e+00 0.000000000000e+00 0.000000000000e+00 0.000000000000e+00)
(0.000000000000e+00 -3.437803546513e-16 0.000000000000e+00 0.000000000000e+00 0.000000000000e+00 0.000000000000e+00)
)

F0               : (-2.634356491629e-14 6.282586293317e-01 -9.464440741017e-21)
tau0             : (-1.127838332350e-20 5.052239960830e-21 -3.324866898187e-16)

Time = 0.0773309           6 6
(
(0.000000000000e+00 8.366405127792e-13 0.000000000000e+00 0.000000000000e+00 0.000000000000e+00 0.000000000000e+00)
(0.000000000000e+00 3.137879174347e+00 0.000000000000e+00 0.000000000000e+00 0.000000000000e+00 0.000000000000e+00)
(0.000000000000e+00 -1.106896076467e-20 0.000000000000e+00 0.000000000000e+00 0.000000000000e+00 0.000000000000e+00)
(0.000000000000e+00 -1.353643797687e-20 0.000000000000e+00 0.000000000000e+00 0.000000000000e+00 0.000000000000e+00)
(0.000000000000e+00 -1.452907252062e-23 0.000000000000e+00 0.000000000000e+00 0.000000000000e+00 0.000000000000e+00)
(0.000000000000e+00 -3.401107884890e-16 0.000000000000e+00 0.000000000000e+00 0.000000000000e+00 0.000000000000e+00)
)

F0               : (2.623579522035e-15 6.282582034893e-01 2.642550103619e-21)
tau0             : (-5.187852780003e-22 1.379504089145e-21 -3.226003330166e-16)

Time = 0.0987884           6 6
(
(0.000000000000e+00 8.260468328046e-13 0.000000000000e+00 0.000000000000e+00 0.000000000000e+00 0.000000000000e+00)
(0.000000000000e+00 3.137879174312e+00 0.000000000000e+00 0.000000000000e+00 0.000000000000e+00 0.000000000000e+00)
(0.000000000000e+00 2.849122331362e-21 0.000000000000e+00 0.000000000000e+00 0.000000000000e+00 0.000000000000e+00)
(0.000000000000e+00 -2.512608225436e-20 0.000000000000e+00 0.000000000000e+00 0.000000000000e+00 0.000000000000e+00)
(0.000000000000e+00 -3.570106448200e-21 0.000000000000e+00 0.000000000000e+00 0.000000000000e+00 0.000000000000e+00)
(0.000000000000e+00 -3.306732930510e-16 0.000000000000e+00 0.000000000000e+00 0.000000000000e+00 0.000000000000e+00)
)

F0               : (4.882812904006e-15 6.282582580429e-01 1.742843879336e-20)
tau0             : (-1.126727339631e-20 5.097044598989e-21 -3.410484988495e-16)

Time = 0.124537            6 6
(
(0.000000000000e+00 7.628311435891e-13 0.000000000000e+00 0.000000000000e+00 0.000000000000e+00 0.000000000000e+00)
(0.000000000000e+00 3.137879174195e+00 0.000000000000e+00 0.000000000000e+00 0.000000000000e+00 0.000000000000e+00)
(0.000000000000e+00 1.741798320492e-20 0.000000000000e+00 0.000000000000e+00 0.000000000000e+00 0.000000000000e+00)
(0.000000000000e+00 -1.126372712182e-20 0.000000000000e+00 0.000000000000e+00 0.000000000000e+00 0.000000000000e+00)
(0.000000000000e+00 4.990973907761e-21 0.000000000000e+00 0.000000000000e+00 0.000000000000e+00 0.000000000000e+00)
(0.000000000000e+00 -3.321776131765e-16 0.000000000000e+00 0.000000000000e+00 0.000000000000e+00 0.000000000000e+00)
)

F0               : (-1.218832977254e-14 6.282579653668e-01 3.067103904412e-21)
tau0             : (2.181127671572e-21 -3.643758288883e-21 -3.142790813427e-16)

Time = 0.155804            6 6
(
(0.000000000000e+00 1.957332375108e-13 0.000000000000e+00 0.000000000000e+00 0.000000000000e+00 0.000000000000e+00)
(0.000000000000e+00 3.137879171804e+00 0.000000000000e+00 0.000000000000e+00 0.000000000000e+00 0.000000000000e+00)
(0.000000000000e+00 4.705029168416e-21 0.000000000000e+00 0.000000000000e+00 0.000000000000e+00 0.000000000000e+00)
(0.000000000000e+00 -9.635003081151e-23 0.000000000000e+00 0.000000000000e+00 0.000000000000e+00 0.000000000000e+00)
(0.000000000000e+00 1.443614973996e-21 0.000000000000e+00 0.000000000000e+00 0.000000000000e+00 0.000000000000e+00)
(0.000000000000e+00 -3.245781897081e-16 0.000000000000e+00 0.000000000000e+00 0.000000000000e+00 0.000000000000e+00)
)

F0               : (-4.668899815374e-15 6.282578328976e-01 4.889624165192e-21)
tau0             : (-2.244954725709e-20 1.598727972166e-21 -3.188863053011e-16)

Time = 0.192508            6 6
(
(0.000000000000e+00 1.174257897230e-13 0.000000000000e+00 0.000000000000e+00 0.000000000000e+00 0.000000000000e+00)
(0.000000000000e+00 3.137879176130e+00 0.000000000000e+00 0.000000000000e+00 0.000000000000e+00 0.000000000000e+00)
(0.000000000000e+00 3.274052014870e-21 0.000000000000e+00 0.000000000000e+00 0.000000000000e+00 0.000000000000e+00)
(0.000000000000e+00 -2.243109726956e-20 0.000000000000e+00 0.000000000000e+00 0.000000000000e+00 0.000000000000e+00)
(0.000000000000e+00 1.468508964329e-21 0.000000000000e+00 0.000000000000e+00 0.000000000000e+00 0.000000000000e+00)
(0.000000000000e+00 -3.369183129098e-16 0.000000000000e+00 0.000000000000e+00 0.000000000000e+00 0.000000000000e+00)
)

F0               : (-1.935571928430e-14 6.282567953616e-01 -1.030868133238e-20)
tau0             : (-1.213997427520e-20 5.292129265043e-21 -3.313317603951e-16)

Time = 0.237369            6 6
(
(0.000000000000e+00 -7.856743228650e-13 0.000000000000e+00 0.000000000000e+00 0.000000000000e+00 0.000000000000e+00)
(0.000000000000e+00 3.137879172955e+00 0.000000000000e+00 0.000000000000e+00 0.000000000000e+00 0.000000000000e+00)
(0.000000000000e+00 -1.192545107324e-20 0.000000000000e+00 0.000000000000e+00 0.000000000000e+00 0.000000000000e+00)
(0.000000000000e+00 -1.210574122170e-20 0.000000000000e+00 0.000000000000e+00 0.000000000000e+00 0.000000000000e+00)
(0.000000000000e+00 5.201614623560e-21 0.000000000000e+00 0.000000000000e+00 0.000000000000e+00 0.000000000000e+00)
(0.000000000000e+00 -3.341943619367e-16 0.000000000000e+00 0.000000000000e+00 0.000000000000e+00 0.000000000000e+00)
)

F0               : (-2.841829419356e-15 6.282566997833e-01 1.660922278906e-20)
tau0             : (-9.151940631639e-21 -3.197164764719e-22 -3.509863129032e-16)

Time = 0.291842            6 6
(
(0.000000000000e+00 -8.058032579100e-13 0.000000000000e+00 0.000000000000e+00 0.000000000000e+00 0.000000000000e+00)
(0.000000000000e+00 3.137879169474e+00 0.000000000000e+00 0.000000000000e+00 0.000000000000e+00 0.000000000000e+00)
(0.000000000000e+00 2.227814051542e-21 0.000000000000e+00 0.000000000000e+00 0.000000000000e+00 0.000000000000e+00)
(0.000000000000e+00 -2.568147393622e-21 0.000000000000e+00 0.000000000000e+00 0.000000000000e+00 0.000000000000e+00)
(0.000000000000e+00 -4.033016620500e-21 0.000000000000e+00 0.000000000000e+00 0.000000000000e+00 0.000000000000e+00)
(0.000000000000e+00 -3.441453562315e-16 0.000000000000e+00 0.000000000000e+00 0.000000000000e+00 0.000000000000e+00)
)

F0               : (-6.657326599713e-15 6.282560737188e-01 -1.031426465399e-20)
tau0             : (-1.112426912191e-20 4.688894104395e-21 -3.466436808617e-16)

Time = 0.35622             6 6
(
(0.000000000000e+00 -8.426495493075e-13 0.000000000000e+00 0.000000000000e+00 0.000000000000e+00 0.000000000000e+00)
(0.000000000000e+00 3.137879164588e+00 0.000000000000e+00 0.000000000000e+00 0.000000000000e+00 0.000000000000e+00)
(0.000000000000e+00 3.050069561983e-21 0.000000000000e+00 0.000000000000e+00 0.000000000000e+00 0.000000000000e+00)
(0.000000000000e+00 -9.601008365985e-23 0.000000000000e+00 0.000000000000e+00 0.000000000000e+00 0.000000000000e+00)
(0.000000000000e+00 3.534904698725e-21 0.000000000000e+00 0.000000000000e+00 0.000000000000e+00 0.000000000000e+00)
(0.000000000000e+00 -3.486333478919e-16 0.000000000000e+00 0.000000000000e+00 0.000000000000e+00 0.000000000000e+00)
)

F0               : (-5.190083931204e-14 6.282548806377e-01 -1.117674171452e-20)
tau0             : (-1.135506787927e-20 1.119161556501e-20 -3.657271743447e-16)

Time = 0.436693            6 6
(
(0.000000000000e+00 -1.712025614255e-12 0.000000000000e+00 0.000000000000e+00 0.000000000000e+00 0.000000000000e+00)
(0.000000000000e+00 3.137879161011e+00 0.000000000000e+00 0.000000000000e+00 0.000000000000e+00 0.000000000000e+00)
(0.000000000000e+00 1.747509972503e-20 0.000000000000e+00 0.000000000000e+00 0.000000000000e+00 0.000000000000e+00)
(0.000000000000e+00 -1.126777721426e-20 0.000000000000e+00 0.000000000000e+00 0.000000000000e+00 0.000000000000e+00)
(0.000000000000e+00 1.126163610726e-20 0.000000000000e+00 0.000000000000e+00 0.000000000000e+00 0.000000000000e+00)
(0.000000000000e+00 -3.573659878163e-16 0.000000000000e+00 0.000000000000e+00 0.000000000000e+00 0.000000000000e+00)
)

F0               : (-6.194440034697e-14 6.282550834919e-01 3.186222632273e-21)
tau0             : (2.210730196163e-21 8.749826831169e-21 -3.243062573723e-16)

Time = 0.530577            6 6
(
(0.000000000000e+00 9.781409306883e-13 0.000000000000e+00 0.000000000000e+00 0.000000000000e+00 0.000000000000e+00)
(0.000000000000e+00 3.137879160897e+00 0.000000000000e+00 0.000000000000e+00 0.000000000000e+00 0.000000000000e+00)
(0.000000000000e+00 3.063564580010e-21 0.000000000000e+00 0.000000000000e+00 0.000000000000e+00 0.000000000000e+00)
(0.000000000000e+00 -9.635763769559e-23 0.000000000000e+00 0.000000000000e+00 0.000000000000e+00 0.000000000000e+00)
(0.000000000000e+00 3.443533907540e-21 0.000000000000e+00 0.000000000000e+00 0.000000000000e+00 0.000000000000e+00)
(0.000000000000e+00 -3.303843227483e-16 0.000000000000e+00 0.000000000000e+00 0.000000000000e+00 0.000000000000e+00)
)

F0               : (-2.133874674182e-13 6.282543658878e-01 -8.182143458670e-21)
tau0             : (-7.859160160611e-21 7.624447778968e-21 -3.276698252059e-16)

Time = 0.624462            6 6
(
(0.000000000000e+00 -6.440039835554e-13 0.000000000000e+00 0.000000000000e+00 0.000000000000e+00 0.000000000000e+00)
(0.000000000000e+00 3.137879156861e+00 0.000000000000e+00 0.000000000000e+00 0.000000000000e+00 0.000000000000e+00)
(0.000000000000e+00 1.336647099939e-20 0.000000000000e+00 0.000000000000e+00 0.000000000000e+00 0.000000000000e+00)
(0.000000000000e+00 -9.841003338792e-21 0.000000000000e+00 0.000000000000e+00 0.000000000000e+00 0.000000000000e+00)
(0.000000000000e+00 1.130859239747e-20 0.000000000000e+00 0.000000000000e+00 0.000000000000e+00 0.000000000000e+00)
(0.000000000000e+00 -3.496165558008e-16 0.000000000000e+00 0.000000000000e+00 0.000000000000e+00 0.000000000000e+00)
)

F0               : (-4.009087441366e-13 6.282518785596e-01 1.570858728907e-20)
tau0             : (-1.234702596583e-20 2.647919823887e-20 -3.473104016703e-16)

Time = 0.699569            6 6
(
(0.000000000000e+00 9.029585103221e-13 0.000000000000e+00 0.000000000000e+00 0.000000000000e+00 0.000000000000e+00)
(0.000000000000e+00 3.137879158950e+00 0.000000000000e+00 0.000000000000e+00 0.000000000000e+00 0.000000000000e+00)
(0.000000000000e+00 -8.309251472986e-21 0.000000000000e+00 0.000000000000e+00 0.000000000000e+00 0.000000000000e+00)
(0.000000000000e+00 -7.726471183231e-21 0.000000000000e+00 0.000000000000e+00 0.000000000000e+00 0.000000000000e+00)
(0.000000000000e+00 2.497395192551e-21 0.000000000000e+00 0.000000000000e+00 0.000000000000e+00 0.000000000000e+00)
(0.000000000000e+00 -3.389947239995e-16 0.000000000000e+00 0.000000000000e+00 0.000000000000e+00 0.000000000000e+00)
)

F0               : (-7.730580769711e-13 6.282450611573e-01 1.491876724807e-20)
tau0             : (-1.237025111655e-20 1.722645414701e-20 -3.291464153912e-16)

Time = 0.759656            6 6
(
(0.000000000000e+00 -1.039310393796e-12 0.000000000000e+00 0.000000000000e+00 0.000000000000e+00 0.000000000000e+00)
(0.000000000000e+00 3.137879160401e+00 0.000000000000e+00 0.000000000000e+00 0.000000000000e+00 0.000000000000e+00)
(0.000000000000e+00 1.620673973935e-20 0.000000000000e+00 0.000000000000e+00 0.000000000000e+00 0.000000000000e+00)
(0.000000000000e+00 -1.294766141080e-20 0.000000000000e+00 0.000000000000e+00 0.000000000000e+00 0.000000000000e+00)
(0.000000000000e+00 1.872669253957e-20 0.000000000000e+00 0.000000000000e+00 0.000000000000e+00 0.000000000000e+00)
(0.000000000000e+00 -3.542057882079e-16 0.000000000000e+00 0.000000000000e+00 0.000000000000e+00 0.000000000000e+00)
)

F0               : (-4.258467222514e-13 6.282381473106e-01 3.071415046828e-21)
tau0             : (-7.848033163359e-24 5.893338414611e-21 -3.409316083028e-16)

Time = 0.819742            6 6
(
(0.000000000000e+00 2.298759429267e-12 0.000000000000e+00 0.000000000000e+00 0.000000000000e+00 0.000000000000e+00)
(0.000000000000e+00 3.137879165483e+00 0.000000000000e+00 0.000000000000e+00 0.000000000000e+00 0.000000000000e+00)
(0.000000000000e+00 -5.987335676514e-21 0.000000000000e+00 0.000000000000e+00 0.000000000000e+00 0.000000000000e+00)
(0.000000000000e+00 -8.997829721204e-21 0.000000000000e+00 0.000000000000e+00 0.000000000000e+00 0.000000000000e+00)
(0.000000000000e+00 1.893471336274e-20 0.000000000000e+00 0.000000000000e+00 0.000000000000e+00 0.000000000000e+00)
(0.000000000000e+00 -3.244509938804e-16 0.000000000000e+00 0.000000000000e+00 0.000000000000e+00 0.000000000000e+00)
)

F0               : (6.987669449142e-14 6.282401243343e-01 -7.852211888252e-21)
tau0             : (-1.050368240984e-20 3.128550428533e-20 -3.265525887485e-16)

Time = 0.879828            6 6
(
(0.000000000000e+00 -7.671136541785e-13 0.000000000000e+00 0.000000000000e+00 0.000000000000e+00 0.000000000000e+00)
(0.000000000000e+00 3.137879163269e+00 0.000000000000e+00 0.000000000000e+00 0.000000000000e+00 0.000000000000e+00)
(0.000000000000e+00 1.084351016839e-20 0.000000000000e+00 0.000000000000e+00 0.000000000000e+00 0.000000000000e+00)
(0.000000000000e+00 3.867186762870e-21 0.000000000000e+00 0.000000000000e+00 0.000000000000e+00 0.000000000000e+00)
(0.000000000000e+00 1.774660503834e-20 0.000000000000e+00 0.000000000000e+00 0.000000000000e+00 0.000000000000e+00)
(0.000000000000e+00 -3.491488697286e-16 0.000000000000e+00 0.000000000000e+00 0.000000000000e+00 0.000000000000e+00)
)

F0               : (-5.798167935361e-13 6.282415146315e-01 3.989057380479e-23)
tau0             : (-2.425991851877e-20 -5.485485468105e-22 -3.123789746838e-16)

Time = 0.939914            6 6
(
(0.000000000000e+00 1.903935247099e-12 0.000000000000e+00 0.000000000000e+00 0.000000000000e+00 0.000000000000e+00)
(0.000000000000e+00 3.137879175156e+00 0.000000000000e+00 0.000000000000e+00 0.000000000000e+00 0.000000000000e+00)
(0.000000000000e+00 7.700317575921e-21 0.000000000000e+00 0.000000000000e+00 0.000000000000e+00 0.000000000000e+00)
(0.000000000000e+00 -1.831798802460e-20 0.000000000000e+00 0.000000000000e+00 0.000000000000e+00 0.000000000000e+00)
(0.000000000000e+00 2.428326709893e-20 0.000000000000e+00 0.000000000000e+00 0.000000000000e+00 0.000000000000e+00)
(0.000000000000e+00 -3.325078620662e-16 0.000000000000e+00 0.000000000000e+00 0.000000000000e+00 0.000000000000e+00)
)

F0               : (-4.583124244700e-13 6.282426675178e-01 1.846041690178e-21)
tau0             : (-2.334269876585e-20 9.343523534876e-21 -3.231506926740e-16)

Time = 1                   6 6
(
(0.000000000000e+00 -7.116320957144e-12 0.000000000000e+00 0.000000000000e+00 0.000000000000e+00 0.000000000000e+00)
(0.000000000000e+00 3.137879162044e+00 0.000000000000e+00 0.000000000000e+00 0.000000000000e+00 0.000000000000e+00)
(0.000000000000e+00 -8.480870183961e-21 0.000000000000e+00 0.000000000000e+00 0.000000000000e+00 0.000000000000e+00)
(0.000000000000e+00 -8.971981175384e-21 0.000000000000e+00 0.000000000000e+00 0.000000000000e+00 0.000000000000e+00)
(0.000000000000e+00 2.260341324956e-20 0.000000000000e+00 0.000000000000e+00 0.000000000000e+00 0.000000000000e+00)
(0.000000000000e+00 -3.080542817967e-16 0.000000000000e+00 0.000000000000e+00 0.000000000000e+00 0.000000000000e+00)
)

F0               : (1.356437477531e-13 6.282437065329e-01 -7.618371881645e-21)
tau0             : (-2.829060686362e-20 4.067200872499e-20 -3.342163310970e-16)

Time = 1.04545             6 6
(
(0.000000000000e+00 2.464830896205e-12 0.000000000000e+00 0.000000000000e+00 0.000000000000e+00 0.000000000000e+00)
(0.000000000000e+00 3.137879147610e+00 0.000000000000e+00 0.000000000000e+00 0.000000000000e+00 0.000000000000e+00)
(0.000000000000e+00 -1.158207858530e-20 0.000000000000e+00 0.000000000000e+00 0.000000000000e+00 0.000000000000e+00)
(0.000000000000e+00 -8.459519439210e-21 0.000000000000e+00 0.000000000000e+00 0.000000000000e+00 0.000000000000e+00)
(0.000000000000e+00 3.884447266130e-20 0.000000000000e+00 0.000000000000e+00 0.000000000000e+00 0.000000000000e+00)
(0.000000000000e+00 -3.228800271459e-16 0.000000000000e+00 0.000000000000e+00 0.000000000000e+00 0.000000000000e+00)
)

F0               : (6.122857754663e-13 6.282336849691e-01 5.729850355899e-22)
tau0             : (-4.619374835692e-21 3.493232056472e-20 -3.164464268965e-16)

Time = 1.08884             6 6
(
(0.000000000000e+00 1.484507791530e-12 0.000000000000e+00 0.000000000000e+00 0.000000000000e+00 0.000000000000e+00)
(0.000000000000e+00 3.137879144586e+00 0.000000000000e+00 0.000000000000e+00 0.000000000000e+00 0.000000000000e+00)
(0.000000000000e+00 2.853936811058e-21 0.000000000000e+00 0.000000000000e+00 0.000000000000e+00 0.000000000000e+00)
(0.000000000000e+00 -2.486184914443e-20 0.000000000000e+00 0.000000000000e+00 0.000000000000e+00 0.000000000000e+00)
(0.000000000000e+00 1.147259889174e-20 0.000000000000e+00 0.000000000000e+00 0.000000000000e+00 0.000000000000e+00)
(0.000000000000e+00 -3.359065958436e-16 0.000000000000e+00 0.000000000000e+00 0.000000000000e+00 0.000000000000e+00)
)

F0               : (6.732209733261e-14 6.282372651141e-01 1.317201308401e-20)
tau0             : (-1.229108218901e-20 2.283640042766e-20 -3.361086027011e-16)

Time = 1.13026             6 6
(
(0.000000000000e+00 3.627975759254e-12 0.000000000000e+00 0.000000000000e+00 0.000000000000e+00 0.000000000000e+00)
(0.000000000000e+00 3.137879139607e+00 0.000000000000e+00 0.000000000000e+00 0.000000000000e+00 0.000000000000e+00)
(0.000000000000e+00 -2.070861747490e-21 0.000000000000e+00 0.000000000000e+00 0.000000000000e+00 0.000000000000e+00)
(0.000000000000e+00 -1.235436125960e-20 0.000000000000e+00 0.000000000000e+00 0.000000000000e+00 0.000000000000e+00)
(0.000000000000e+00 3.735658658898e-20 0.000000000000e+00 0.000000000000e+00 0.000000000000e+00 0.000000000000e+00)
(0.000000000000e+00 -3.361281601891e-16 0.000000000000e+00 0.000000000000e+00 0.000000000000e+00 0.000000000000e+00)
)

F0               : (4.195206736255e-13 6.282390500205e-01 2.963861317233e-21)
tau0             : (-2.621957284530e-20 3.172793354774e-20 -3.216827845764e-16)

Time = 1.16979             6 6
(
(0.000000000000e+00 -2.124185565388e-12 0.000000000000e+00 0.000000000000e+00 0.000000000000e+00 0.000000000000e+00)
(0.000000000000e+00 3.137879133551e+00 0.000000000000e+00 0.000000000000e+00 0.000000000000e+00 0.000000000000e+00)
(0.000000000000e+00 -2.896856658984e-21 0.000000000000e+00 0.000000000000e+00 0.000000000000e+00 0.000000000000e+00)
(0.000000000000e+00 -3.948839521803e-21 0.000000000000e+00 0.000000000000e+00 0.000000000000e+00 0.000000000000e+00)
(0.000000000000e+00 3.140000754379e-20 0.000000000000e+00 0.000000000000e+00 0.000000000000e+00 0.000000000000e+00)
(0.000000000000e+00 -3.547393738622e-16 0.000000000000e+00 0.000000000000e+00 0.000000000000e+00 0.000000000000e+00)
)

F0               : (2.443374577102e-12 6.282400279888e-01 8.584641975055e-22)
tau0             : (-4.842728867979e-21 1.796516661121e-20 -3.176847890654e-16)

Time = 1.20933             6 6
(
(0.000000000000e+00 6.746297581404e-12 0.000000000000e+00 0.000000000000e+00 0.000000000000e+00 0.000000000000e+00)
(0.000000000000e+00 3.137879130202e+00 0.000000000000e+00 0.000000000000e+00 0.000000000000e+00 0.000000000000e+00)
(0.000000000000e+00 -1.463182172655e-21 0.000000000000e+00 0.000000000000e+00 0.000000000000e+00 0.000000000000e+00)
(0.000000000000e+00 -1.352487295895e-20 0.000000000000e+00 0.000000000000e+00 0.000000000000e+00 0.000000000000e+00)
(0.000000000000e+00 3.574690674193e-20 0.000000000000e+00 0.000000000000e+00 0.000000000000e+00 0.000000000000e+00)
(0.000000000000e+00 -3.417774878829e-16 0.000000000000e+00 0.000000000000e+00 0.000000000000e+00 0.000000000000e+00)
)

F0               : (-6.621370118864e-13 6.282427380035e-01 -2.551259519109e-21)
tau0             : (-1.975549079577e-20 3.256466456373e-20 -3.329119003582e-16)

Time = 1.24698             6 6
(
(0.000000000000e+00 8.234681380146e-12 0.000000000000e+00 0.000000000000e+00 0.000000000000e+00 0.000000000000e+00)
(0.000000000000e+00 3.137879126215e+00 0.000000000000e+00 0.000000000000e+00 0.000000000000e+00 0.000000000000e+00)
(0.000000000000e+00 6.747641802342e-21 0.000000000000e+00 0.000000000000e+00 0.000000000000e+00 0.000000000000e+00)
(0.000000000000e+00 -2.668399521892e-20 0.000000000000e+00 0.000000000000e+00 0.000000000000e+00 0.000000000000e+00)
(0.000000000000e+00 1.176490283831e-20 0.000000000000e+00 0.000000000000e+00 0.000000000000e+00 0.000000000000e+00)
(0.000000000000e+00 -3.361480861460e-16 0.000000000000e+00 0.000000000000e+00 0.000000000000e+00 0.000000000000e+00)
)

F0               : (-8.977546082835e-13 6.282420848924e-01 7.405682588399e-21)
tau0             : (-1.699171507315e-21 3.718612632945e-20 -3.239426684797e-16)

Time = 1.28284             6 6
(
(0.000000000000e+00 5.030919418714e-12 0.000000000000e+00 0.000000000000e+00 0.000000000000e+00 0.000000000000e+00)
(0.000000000000e+00 3.137879121057e+00 0.000000000000e+00 0.000000000000e+00 0.000000000000e+00 0.000000000000e+00)
(0.000000000000e+00 7.958554758030e-22 0.000000000000e+00 0.000000000000e+00 0.000000000000e+00 0.000000000000e+00)
(0.000000000000e+00 1.040324863676e-21 0.000000000000e+00 0.000000000000e+00 0.000000000000e+00 0.000000000000e+00)
(0.000000000000e+00 1.968679890609e-20 0.000000000000e+00 0.000000000000e+00 0.000000000000e+00 0.000000000000e+00)
(0.000000000000e+00 -3.234266729709e-16 0.000000000000e+00 0.000000000000e+00 0.000000000000e+00 0.000000000000e+00)
)

F0               : (-1.283320238271e-12 6.282419036449e-01 1.582025102233e-21)
tau0             : (5.724562221033e-22 1.107837956795e-20 -3.314677091831e-16)

Time = 1.31869             6 6
(
(0.000000000000e+00 5.380286227931e-12 0.000000000000e+00 0.000000000000e+00 0.000000000000e+00 0.000000000000e+00)
(0.000000000000e+00 3.137879116495e+00 0.000000000000e+00 0.000000000000e+00 0.000000000000e+00 0.000000000000e+00)
(0.000000000000e+00 5.916829425948e-21 0.000000000000e+00 0.000000000000e+00 0.000000000000e+00 0.000000000000e+00)
(0.000000000000e+00 -1.605576887478e-20 0.000000000000e+00 0.000000000000e+00 0.000000000000e+00 0.000000000000e+00)
(0.000000000000e+00 2.066632958997e-20 0.000000000000e+00 0.000000000000e+00 0.000000000000e+00 0.000000000000e+00)
(0.000000000000e+00 -3.185963809536e-16 0.000000000000e+00 0.000000000000e+00 0.000000000000e+00 0.000000000000e+00)
)

F0               : (-7.330941409478e-15 6.282442258916e-01 1.366765669233e-21)
tau0             : (-7.028188927796e-23 8.342689269733e-21 -3.447055635993e-16)

Time = 1.35276             6 6
(
(0.000000000000e+00 5.213502034509e-12 0.000000000000e+00 0.000000000000e+00 0.000000000000e+00 0.000000000000e+00)
(0.000000000000e+00 3.137879111544e+00 0.000000000000e+00 0.000000000000e+00 0.000000000000e+00 0.000000000000e+00)
(0.000000000000e+00 1.397355562595e-21 0.000000000000e+00 0.000000000000e+00 0.000000000000e+00 0.000000000000e+00)
(0.000000000000e+00 -1.954460637151e-22 0.000000000000e+00 0.000000000000e+00 0.000000000000e+00 0.000000000000e+00)
(0.000000000000e+00 5.781529992260e-21 0.000000000000e+00 0.000000000000e+00 0.000000000000e+00 0.000000000000e+00)
(0.000000000000e+00 -3.182539548242e-16 0.000000000000e+00 0.000000000000e+00 0.000000000000e+00 0.000000000000e+00)
)

F0               : (-1.043376431260e-12 6.282429833995e-01 -2.675238773496e-21)
tau0             : (-2.194887112000e-20 2.678926909328e-20 -3.270919369776e-16)

Time = 1.38682             6 6
(
(0.000000000000e+00 3.126051242577e-12 0.000000000000e+00 0.000000000000e+00 0.000000000000e+00 0.000000000000e+00)
(0.000000000000e+00 3.137879108605e+00 0.000000000000e+00 0.000000000000e+00 0.000000000000e+00 0.000000000000e+00)
(0.000000000000e+00 -4.853869510200e-21 0.000000000000e+00 0.000000000000e+00 0.000000000000e+00 0.000000000000e+00)
(0.000000000000e+00 -3.884867685008e-21 0.000000000000e+00 0.000000000000e+00 0.000000000000e+00 0.000000000000e+00)
(0.000000000000e+00 1.036517877397e-20 0.000000000000e+00 0.000000000000e+00 0.000000000000e+00 0.000000000000e+00)
(0.000000000000e+00 -3.158149477221e-16 0.000000000000e+00 0.000000000000e+00 0.000000000000e+00 0.000000000000e+00)
)

F0               : (8.983493202802e-14 6.282449812543e-01 4.555928392215e-21)
tau0             : (-1.452978077144e-20 1.535682396928e-20 -3.190231011221e-16)

Time = 1.4191              6 6
(
(0.000000000000e+00 3.547748098165e-12 0.000000000000e+00 0.000000000000e+00 0.000000000000e+00 0.000000000000e+00)
(0.000000000000e+00 3.137879101140e+00 0.000000000000e+00 0.000000000000e+00 0.000000000000e+00 0.000000000000e+00)
(0.000000000000e+00 -4.284374315678e-21 0.000000000000e+00 0.000000000000e+00 0.000000000000e+00 0.000000000000e+00)
(0.000000000000e+00 -5.297117861405e-21 0.000000000000e+00 0.000000000000e+00 0.000000000000e+00 0.000000000000e+00)
(0.000000000000e+00 5.290981877071e-21 0.000000000000e+00 0.000000000000e+00 0.000000000000e+00 0.000000000000e+00)
(0.000000000000e+00 -3.492138571785e-16 0.000000000000e+00 0.000000000000e+00 0.000000000000e+00 0.000000000000e+00)
)

F0               : (-7.239906645116e-13 6.282432835996e-01 -4.755311636603e-21)
tau0             : (-5.837941435673e-21 1.504887403249e-21 -3.549915081943e-16)

Time = 1.45137             6 6
(
(0.000000000000e+00 3.689908538916e-12 0.000000000000e+00 0.000000000000e+00 0.000000000000e+00 0.000000000000e+00)
(0.000000000000e+00 3.137879095981e+00 0.000000000000e+00 0.000000000000e+00 0.000000000000e+00 0.000000000000e+00)
(0.000000000000e+00 -1.879268120489e-21 0.000000000000e+00 0.000000000000e+00 0.000000000000e+00 0.000000000000e+00)
(0.000000000000e+00 -2.113829567642e-20 0.000000000000e+00 0.000000000000e+00 0.000000000000e+00 0.000000000000e+00)
(0.000000000000e+00 3.220914142236e-20 0.000000000000e+00 0.000000000000e+00 0.000000000000e+00 0.000000000000e+00)
(0.000000000000e+00 -3.569656266350e-16 0.000000000000e+00 0.000000000000e+00 0.000000000000e+00 0.000000000000e+00)
)

F0               : (-4.785036570535e-13 6.282452815261e-01 -5.046735038380e-22)
tau0             : (-5.178013583229e-21 1.067016119271e-20 -3.576850729665e-16)

Time = 1.48185             6 6
(
(0.000000000000e+00 3.627506657506e-12 0.000000000000e+00 0.000000000000e+00 0.000000000000e+00 0.000000000000e+00)
(0.000000000000e+00 3.137879090034e+00 0.000000000000e+00 0.000000000000e+00 0.000000000000e+00 0.000000000000e+00)
(0.000000000000e+00 3.332193472977e-21 0.000000000000e+00 0.000000000000e+00 0.000000000000e+00 0.000000000000e+00)
(0.000000000000e+00 -2.299662937383e-20 0.000000000000e+00 0.000000000000e+00 0.000000000000e+00 0.000000000000e+00)
(0.000000000000e+00 1.644478243948e-20 0.000000000000e+00 0.000000000000e+00 0.000000000000e+00 0.000000000000e+00)
(0.000000000000e+00 -3.359166675577e-16 0.000000000000e+00 0.000000000000e+00 0.000000000000e+00 0.000000000000e+00)
)

F0               : (-7.681971649510e-13 6.282432392198e-01 -2.559641963833e-21)
tau0             : (-6.507765636284e-21 1.457259663527e-20 -3.505022335738e-16)

Time = 1.51233             6 6
(
(0.000000000000e+00 3.657761222342e-12 0.000000000000e+00 0.000000000000e+00 0.000000000000e+00 0.000000000000e+00)
(0.000000000000e+00 3.137879083974e+00 0.000000000000e+00 0.000000000000e+00 0.000000000000e+00 0.000000000000e+00)
(0.000000000000e+00 -5.168560219865e-21 0.000000000000e+00 0.000000000000e+00 0.000000000000e+00 0.000000000000e+00)
(0.000000000000e+00 -5.529285025674e-21 0.000000000000e+00 0.000000000000e+00 0.000000000000e+00 0.000000000000e+00)
(0.000000000000e+00 6.235850382975e-21 0.000000000000e+00 0.000000000000e+00 0.000000000000e+00 0.000000000000e+00)
(0.000000000000e+00 -3.525639595544e-16 0.000000000000e+00 0.000000000000e+00 0.000000000000e+00 0.000000000000e+00)
)

F0               : (-9.139793685341e-13 6.282453366925e-01 7.133495648209e-21)
tau0             : (-2.019357693669e-20 -4.752313625474e-21 -3.175797635974e-16)

Time = 1.54281             6 6
(
(0.000000000000e+00 1.821740420298e-12 0.000000000000e+00 0.000000000000e+00 0.000000000000e+00 0.000000000000e+00)
(0.000000000000e+00 3.137879075911e+00 0.000000000000e+00 0.000000000000e+00 0.000000000000e+00 0.000000000000e+00)
(0.000000000000e+00 3.967019334444e-21 0.000000000000e+00 0.000000000000e+00 0.000000000000e+00 0.000000000000e+00)
(0.000000000000e+00 -1.966600717857e-20 0.000000000000e+00 0.000000000000e+00 0.000000000000e+00 0.000000000000e+00)
(0.000000000000e+00 2.479249828250e-20 0.000000000000e+00 0.000000000000e+00 0.000000000000e+00 0.000000000000e+00)
(0.000000000000e+00 -3.318367364629e-16 0.000000000000e+00 0.000000000000e+00 0.000000000000e+00 0.000000000000e+00)
)

F0               : (-1.152673225965e-12 6.282463174671e-01 4.102864627099e-22)
tau0             : (-1.436860106794e-21 2.167173343278e-21 -3.442308016324e-16)

Time = 1.57138             6 6
(
(0.000000000000e+00 2.446202704438e-12 0.000000000000e+00 0.000000000000e+00 0.000000000000e+00 0.000000000000e+00)
(0.000000000000e+00 3.137879069014e+00 0.000000000000e+00 0.000000000000e+00 0.000000000000e+00 0.000000000000e+00)
(0.000000000000e+00 5.103305388440e-21 0.000000000000e+00 0.000000000000e+00 0.000000000000e+00 0.000000000000e+00)
(0.000000000000e+00 -1.048403786890e-21 0.000000000000e+00 0.000000000000e+00 0.000000000000e+00 0.000000000000e+00)
(0.000000000000e+00 7.560116267965e-21 0.000000000000e+00 0.000000000000e+00 0.000000000000e+00 0.000000000000e+00)
(0.000000000000e+00 -3.455267806416e-16 0.000000000000e+00 0.000000000000e+00 0.000000000000e+00 0.000000000000e+00)
)

F0               : (-1.270764689223e-12 6.282432000764e-01 6.871496914384e-21)
tau0             : (-1.622136467528e-20 4.953516480595e-20 -3.232142201451e-16)

Time = 1.59996             6 6
(
(0.000000000000e+00 3.086788055075e-12 0.000000000000e+00 0.000000000000e+00 0.000000000000e+00 0.000000000000e+00)
(0.000000000000e+00 3.137879062059e+00 0.000000000000e+00 0.000000000000e+00 0.000000000000e+00 0.000000000000e+00)
(0.000000000000e+00 1.079472029134e-20 0.000000000000e+00 0.000000000000e+00 0.000000000000e+00 0.000000000000e+00)
(0.000000000000e+00 -1.764944756274e-20 0.000000000000e+00 0.000000000000e+00 0.000000000000e+00 0.000000000000e+00)
(0.000000000000e+00 3.773698545004e-20 0.000000000000e+00 0.000000000000e+00 0.000000000000e+00 0.000000000000e+00)
(0.000000000000e+00 -3.267835515814e-16 0.000000000000e+00 0.000000000000e+00 0.000000000000e+00 0.000000000000e+00)
)

F0               : (-6.541208275989e-13 6.282453781046e-01 8.257750542697e-21)
tau0             : (-1.577255682461e-20 4.617956351706e-20 -3.502173128662e-16)

Time = 1.62853             6 6
(
(0.000000000000e+00 3.686790058069e-12 0.000000000000e+00 0.000000000000e+00 0.000000000000e+00 0.000000000000e+00)
(0.000000000000e+00 3.137879049296e+00 0.000000000000e+00 0.000000000000e+00 0.000000000000e+00 0.000000000000e+00)
(0.000000000000e+00 5.487389452084e-21 0.000000000000e+00 0.000000000000e+00 0.000000000000e+00 0.000000000000e+00)
(0.000000000000e+00 3.274881366520e-22 0.000000000000e+00 0.000000000000e+00 0.000000000000e+00 0.000000000000e+00)
(0.000000000000e+00 3.189537825594e-21 0.000000000000e+00 0.000000000000e+00 0.000000000000e+00 0.000000000000e+00)
(0.000000000000e+00 -3.282528038759e-16 0.000000000000e+00 0.000000000000e+00 0.000000000000e+00 0.000000000000e+00)
)

F0               : (-6.016876721252e-13 6.282463499877e-01 5.780579828708e-21)
tau0             : (1.305122487257e-21 -1.068463903742e-21 -3.320403034555e-16)

Time = 1.65711             6 6
(
(0.000000000000e+00 4.337698026796e-12 0.000000000000e+00 0.000000000000e+00 0.000000000000e+00 0.000000000000e+00)
(0.000000000000e+00 3.137879041256e+00 0.000000000000e+00 0.000000000000e+00 0.000000000000e+00 0.000000000000e+00)
(0.000000000000e+00 1.285944279260e-21 0.000000000000e+00 0.000000000000e+00 0.000000000000e+00 0.000000000000e+00)
(0.000000000000e+00 -2.249328366557e-20 0.000000000000e+00 0.000000000000e+00 0.000000000000e+00 0.000000000000e+00)
(0.000000000000e+00 3.236409651427e-20 0.000000000000e+00 0.000000000000e+00 0.000000000000e+00 0.000000000000e+00)
(0.000000000000e+00 -3.291876417882e-16 0.000000000000e+00 0.000000000000e+00 0.000000000000e+00 0.000000000000e+00)
)

F0               : (-1.242916333006e-12 6.282468018675e-01 -4.911402963831e-21)
tau0             : (-2.255761449726e-20 1.770234815316e-20 -3.434684719798e-16)

Time = 1.68348             6 6
(
(0.000000000000e+00 4.883422648788e-12 0.000000000000e+00 0.000000000000e+00 0.000000000000e+00 0.000000000000e+00)
(0.000000000000e+00 3.137879032934e+00 0.000000000000e+00 0.000000000000e+00 0.000000000000e+00 0.000000000000e+00)
(0.000000000000e+00 -2.884093373518e-21 0.000000000000e+00 0.000000000000e+00 0.000000000000e+00 0.000000000000e+00)
(0.000000000000e+00 -6.019002719522e-21 0.000000000000e+00 0.000000000000e+00 0.000000000000e+00 0.000000000000e+00)
(0.000000000000e+00 9.167986118987e-21 0.000000000000e+00 0.000000000000e+00 0.000000000000e+00 0.000000000000e+00)
(0.000000000000e+00 -3.365352139760e-16 0.000000000000e+00 0.000000000000e+00 0.000000000000e+00 0.000000000000e+00)
)

F0               : (-5.121986819054e-13 6.282421812720e-01 -4.222346778705e-21)
tau0             : (-6.518142810842e-21 4.579642687443e-20 -3.108737971365e-16)

Time = 1.70986             6 6
(
(0.000000000000e+00 2.823605000176e-12 0.000000000000e+00 0.000000000000e+00 0.000000000000e+00 0.000000000000e+00)
(0.000000000000e+00 3.137879028647e+00 0.000000000000e+00 0.000000000000e+00 0.000000000000e+00 0.000000000000e+00)
(0.000000000000e+00 9.992434606578e-21 0.000000000000e+00 0.000000000000e+00 0.000000000000e+00 0.000000000000e+00)
(0.000000000000e+00 5.543947699682e-21 0.000000000000e+00 0.000000000000e+00 0.000000000000e+00 0.000000000000e+00)
(0.000000000000e+00 1.633886469501e-20 0.000000000000e+00 0.000000000000e+00 0.000000000000e+00 0.000000000000e+00)
(0.000000000000e+00 -3.507409849140e-16 0.000000000000e+00 0.000000000000e+00 0.000000000000e+00 0.000000000000e+00)
)

F0               : (-1.202750599854e-12 6.282448875078e-01 -9.255141458712e-21)
tau0             : (-1.883017157761e-20 2.362435786107e-20 -3.497703971074e-16)

Time = 1.73624             6 6
(
(0.000000000000e+00 2.734960714988e-12 0.000000000000e+00 0.000000000000e+00 0.000000000000e+00 0.000000000000e+00)
(0.000000000000e+00 3.137879020109e+00 0.000000000000e+00 0.000000000000e+00 0.000000000000e+00 0.000000000000e+00)
(0.000000000000e+00 9.939246562265e-21 0.000000000000e+00 0.000000000000e+00 0.000000000000e+00 0.000000000000e+00)
(0.000000000000e+00 -3.917140852952e-21 0.000000000000e+00 0.000000000000e+00 0.000000000000e+00 0.000000000000e+00)
(0.000000000000e+00 6.370839882887e-21 0.000000000000e+00 0.000000000000e+00 0.000000000000e+00 0.000000000000e+00)
(0.000000000000e+00 -3.413817626015e-16 0.000000000000e+00 0.000000000000e+00 0.000000000000e+00 0.000000000000e+00)
)

F0               : (-2.315892540673e-12 6.282460494753e-01 1.077329293876e-20)
tau0             : (-2.087927493288e-21 3.409257364825e-20 -3.181489631205e-16)

Time = 1.76261             6 6
(
(0.000000000000e+00 6.036210685351e-12 0.000000000000e+00 0.000000000000e+00 0.000000000000e+00 0.000000000000e+00)
(0.000000000000e+00 3.137879004367e+00 0.000000000000e+00 0.000000000000e+00 0.000000000000e+00 0.000000000000e+00)
(0.000000000000e+00 9.657980754617e-21 0.000000000000e+00 0.000000000000e+00 0.000000000000e+00 0.000000000000e+00)
(0.000000000000e+00 -1.727624784836e-20 0.000000000000e+00 0.000000000000e+00 0.000000000000e+00 0.000000000000e+00)
(0.000000000000e+00 1.558247083115e-20 0.000000000000e+00 0.000000000000e+00 0.000000000000e+00 0.000000000000e+00)
(0.000000000000e+00 -3.409803262461e-16 0.000000000000e+00 0.000000000000e+00 0.000000000000e+00 0.000000000000e+00)
)

F0               : (-1.619929911783e-12 6.282465472512e-01 -2.146520730894e-21)
tau0             : (-6.087464874944e-21 5.133081549551e-20 -3.431631166023e-16)

Time = 1.78899             6 6
(
(0.000000000000e+00 3.427033365534e-12 0.000000000000e+00 0.000000000000e+00 0.000000000000e+00 0.000000000000e+00)
(0.000000000000e+00 3.137878996429e+00 0.000000000000e+00 0.000000000000e+00 0.000000000000e+00 0.000000000000e+00)
(0.000000000000e+00 -2.790944910181e-21 0.000000000000e+00 0.000000000000e+00 0.000000000000e+00 0.000000000000e+00)
(0.000000000000e+00 -6.001832488518e-21 0.000000000000e+00 0.000000000000e+00 0.000000000000e+00 0.000000000000e+00)
(0.000000000000e+00 3.860193114566e-20 0.000000000000e+00 0.000000000000e+00 0.000000000000e+00 0.000000000000e+00)
(0.000000000000e+00 -3.113626879649e-16 0.000000000000e+00 0.000000000000e+00 0.000000000000e+00 0.000000000000e+00)
)

F0               : (-3.862178589095e-13 6.282467615725e-01 6.239252550357e-21)
tau0             : (-1.566904411800e-20 6.844988275429e-21 -3.301734428397e-16)

Time = 1.81536             6 6
(
(0.000000000000e+00 3.639661856048e-12 0.000000000000e+00 0.000000000000e+00 0.000000000000e+00 0.000000000000e+00)
(0.000000000000e+00 3.137878985793e+00 0.000000000000e+00 0.000000000000e+00 0.000000000000e+00 0.000000000000e+00)
(0.000000000000e+00 5.495009508948e-21 0.000000000000e+00 0.000000000000e+00 0.000000000000e+00 0.000000000000e+00)
(0.000000000000e+00 -6.837119034452e-21 0.000000000000e+00 0.000000000000e+00 0.000000000000e+00 0.000000000000e+00)
(0.000000000000e+00 1.862201993764e-20 0.000000000000e+00 0.000000000000e+00 0.000000000000e+00 0.000000000000e+00)
(0.000000000000e+00 -3.429767839887e-16 0.000000000000e+00 0.000000000000e+00 0.000000000000e+00 0.000000000000e+00)
)

F0               : (3.636313526765e-13 6.282468484196e-01 3.202851265141e-21)
tau0             : (-6.200078408263e-21 2.634205473305e-20 -3.695841918096e-16)

Time = 1.84174             6 6
(
(0.000000000000e+00 4.130241029823e-12 0.000000000000e+00 0.000000000000e+00 0.000000000000e+00 0.000000000000e+00)
(0.000000000000e+00 3.137878966950e+00 0.000000000000e+00 0.000000000000e+00 0.000000000000e+00 0.000000000000e+00)
(0.000000000000e+00 1.110634495581e-20 0.000000000000e+00 0.000000000000e+00 0.000000000000e+00 0.000000000000e+00)
(0.000000000000e+00 -1.695882329193e-20 0.000000000000e+00 0.000000000000e+00 0.000000000000e+00 0.000000000000e+00)
(0.000000000000e+00 3.439626507193e-21 0.000000000000e+00 0.000000000000e+00 0.000000000000e+00 0.000000000000e+00)
(0.000000000000e+00 -3.500153252511e-16 0.000000000000e+00 0.000000000000e+00 0.000000000000e+00 0.000000000000e+00)
)

F0               : (-1.475229416707e-12 6.282468766219e-01 1.097396343544e-20)
tau0             : (-1.327016075989e-20 5.241702876647e-20 -3.353284853567e-16)

Time = 1.86812             6 6
(
(0.000000000000e+00 3.712137912034e-12 0.000000000000e+00 0.000000000000e+00 0.000000000000e+00 0.000000000000e+00)
(0.000000000000e+00 3.137878957197e+00 0.000000000000e+00 0.000000000000e+00 0.000000000000e+00 0.000000000000e+00)
(0.000000000000e+00 1.682503374795e-21 0.000000000000e+00 0.000000000000e+00 0.000000000000e+00 0.000000000000e+00)
(0.000000000000e+00 -9.220696327639e-21 0.000000000000e+00 0.000000000000e+00 0.000000000000e+00 0.000000000000e+00)
(0.000000000000e+00 3.198178619180e-20 0.000000000000e+00 0.000000000000e+00 0.000000000000e+00 0.000000000000e+00)
(0.000000000000e+00 -3.434997594009e-16 0.000000000000e+00 0.000000000000e+00 0.000000000000e+00 0.000000000000e+00)
)

F0               : (-1.487408042870e-12 6.282468741015e-01 -7.709692853785e-21)
tau0             : (-1.722950869189e-20 2.482060788351e-20 -3.281270112392e-16)

Time = 1.89449             6 6
(
(0.000000000000e+00 4.692838151713e-12 0.000000000000e+00 0.000000000000e+00 0.000000000000e+00 0.000000000000e+00)
(0.000000000000e+00 3.137878944431e+00 0.000000000000e+00 0.000000000000e+00 0.000000000000e+00 0.000000000000e+00)
(0.000000000000e+00 -4.535022777650e-21 0.000000000000e+00 0.000000000000e+00 0.000000000000e+00 0.000000000000e+00)
(0.000000000000e+00 -7.239472934643e-21 0.000000000000e+00 0.000000000000e+00 0.000000000000e+00 0.000000000000e+00)
(0.000000000000e+00 3.924649329431e-20 0.000000000000e+00 0.000000000000e+00 0.000000000000e+00 0.000000000000e+00)
(0.000000000000e+00 -3.463201804553e-16 0.000000000000e+00 0.000000000000e+00 0.000000000000e+00 0.000000000000e+00)
)

F0               : (-6.515098248221e-14 6.282468533153e-01 1.230534584349e-20)
tau0             : (-1.370105516976e-20 3.889274937607e-20 -3.513628190482e-16)

Time = 1.92087             6 6
(
(0.000000000000e+00 2.711135422254e-12 0.000000000000e+00 0.000000000000e+00 0.000000000000e+00 0.000000000000e+00)
(0.000000000000e+00 3.137878942847e+00 0.000000000000e+00 0.000000000000e+00 0.000000000000e+00 0.000000000000e+00)
(0.000000000000e+00 1.296371564293e-20 0.000000000000e+00 0.000000000000e+00 0.000000000000e+00 0.000000000000e+00)
(0.000000000000e+00 -1.572126975554e-20 0.000000000000e+00 0.000000000000e+00 0.000000000000e+00 0.000000000000e+00)
(0.000000000000e+00 1.685023659822e-20 0.000000000000e+00 0.000000000000e+00 0.000000000000e+00 0.000000000000e+00)
(0.000000000000e+00 -3.291781688911e-16 0.000000000000e+00 0.000000000000e+00 0.000000000000e+00 0.000000000000e+00)
)

F0               : (-1.367069164034e-13 6.282468192369e-01 7.461503468868e-21)
tau0             : (-1.080296568224e-20 1.344664309958e-20 -3.374409855272e-16)

Time = 1.94725             6 6
(
(0.000000000000e+00 3.292841526645e-12 0.000000000000e+00 0.000000000000e+00 0.000000000000e+00 0.000000000000e+00)
(0.000000000000e+00 3.137878936699e+00 0.000000000000e+00 0.000000000000e+00 0.000000000000e+00 0.000000000000e+00)
(0.000000000000e+00 1.148265349821e-20 0.000000000000e+00 0.000000000000e+00 0.000000000000e+00 0.000000000000e+00)
(0.000000000000e+00 -1.426201519271e-20 0.000000000000e+00 0.000000000000e+00 0.000000000000e+00 0.000000000000e+00)
(0.000000000000e+00 3.006670945731e-20 0.000000000000e+00 0.000000000000e+00 0.000000000000e+00 0.000000000000e+00)
(0.000000000000e+00 -3.361341350884e-16 0.000000000000e+00 0.000000000000e+00 0.000000000000e+00 0.000000000000e+00)
)

F0               : (2.566528803719e-14 6.282467759564e-01 3.479502550979e-21)
tau0             : (-1.493506185334e-20 7.946052942309e-20 -3.392942936158e-16)

Time = 1.97362             6 6
(
(0.000000000000e+00 2.919328726664e-12 0.000000000000e+00 0.000000000000e+00 0.000000000000e+00 0.000000000000e+00)
(0.000000000000e+00 3.137878929195e+00 0.000000000000e+00 0.000000000000e+00 0.000000000000e+00 0.000000000000e+00)
(0.000000000000e+00 8.226230187567e-21 0.000000000000e+00 0.000000000000e+00 0.000000000000e+00 0.000000000000e+00)
(0.000000000000e+00 -1.240314013225e-20 0.000000000000e+00 0.000000000000e+00 0.000000000000e+00 0.000000000000e+00)
(0.000000000000e+00 2.535712102270e-20 0.000000000000e+00 0.000000000000e+00 0.000000000000e+00 0.000000000000e+00)
(0.000000000000e+00 -3.410217925126e-16 0.000000000000e+00 0.000000000000e+00 0.000000000000e+00 0.000000000000e+00)
)

F0               : (-5.612543036663e-13 6.282467228386e-01 1.063800797311e-20)
tau0             : (-1.301145072910e-20 3.206176402719e-20 -3.215286245800e-16)

Time = 2                   6 6
(
(0.000000000000e+00 2.526511154770e-12 0.000000000000e+00 0.000000000000e+00 0.000000000000e+00 0.000000000000e+00)
(0.000000000000e+00 3.137878917064e+00 0.000000000000e+00 0.000000000000e+00 0.000000000000e+00 0.000000000000e+00)
(0.000000000000e+00 -2.916224294063e-21 0.000000000000e+00 0.000000000000e+00 0.000000000000e+00 0.000000000000e+00)
(0.000000000000e+00 -1.115781083070e-20 0.000000000000e+00 0.000000000000e+00 0.000000000000e+00 0.000000000000e+00)
(0.000000000000e+00 1.570865161386e-20 0.000000000000e+00 0.000000000000e+00 0.000000000000e+00 0.000000000000e+00)
(0.000000000000e+00 -3.372751723515e-16 0.000000000000e+00 0.000000000000e+00 0.000000000000e+00 0.000000000000e+00)
)

F0               : (-6.681171729143e-13 6.282466601279e-01 4.850019793522e-23)
tau0             : (-1.257060679628e-20 3.552232152576e-20 -3.316100107183e-16)

Time = 2.02273             6 6
(
(0.000000000000e+00 2.567467072279e-12 0.000000000000e+00 0.000000000000e+00 0.000000000000e+00 0.000000000000e+00)
(0.000000000000e+00 3.137878904219e+00 0.000000000000e+00 0.000000000000e+00 0.000000000000e+00 0.000000000000e+00)
(0.000000000000e+00 3.295051824489e-21 0.000000000000e+00 0.000000000000e+00 0.000000000000e+00 0.000000000000e+00)
(0.000000000000e+00 -1.323706900667e-20 0.000000000000e+00 0.000000000000e+00 0.000000000000e+00 0.000000000000e+00)
(0.000000000000e+00 2.847321513862e-20 0.000000000000e+00 0.000000000000e+00 0.000000000000e+00 0.000000000000e+00)
(0.000000000000e+00 -3.497223472384e-16 0.000000000000e+00 0.000000000000e+00 0.000000000000e+00 0.000000000000e+00)
)

F0               : (-1.220009607662e-12 6.282354252452e-01 -6.573183255939e-21)
tau0             : (-1.161947113228e-20 4.566167739210e-20 -3.457791778599e-16)

Time = 2.04494             6 6
(
(0.000000000000e+00 3.253814122445e-12 0.000000000000e+00 0.000000000000e+00 0.000000000000e+00 0.000000000000e+00)
(0.000000000000e+00 3.137878891724e+00 0.000000000000e+00 0.000000000000e+00 0.000000000000e+00 0.000000000000e+00)
(0.000000000000e+00 -1.425502406508e-21 0.000000000000e+00 0.000000000000e+00 0.000000000000e+00 0.000000000000e+00)
(0.000000000000e+00 -8.714264188543e-21 0.000000000000e+00 0.000000000000e+00 0.000000000000e+00 0.000000000000e+00)
(0.000000000000e+00 2.044075833832e-21 0.000000000000e+00 0.000000000000e+00 0.000000000000e+00 0.000000000000e+00)
(0.000000000000e+00 -3.188460502353e-16 0.000000000000e+00 0.000000000000e+00 0.000000000000e+00 0.000000000000e+00)
)

F0               : (-3.123432231172e-13 6.282397270896e-01 8.291157208408e-21)
tau0             : (-1.094321393707e-20 2.105062034584e-20 -3.271165009331e-16)

Time = 2.06715             6 6
(
(0.000000000000e+00 3.661919689942e-12 0.000000000000e+00 0.000000000000e+00 0.000000000000e+00 0.000000000000e+00)
(0.000000000000e+00 3.137878875977e+00 0.000000000000e+00 0.000000000000e+00 0.000000000000e+00 0.000000000000e+00)
(0.000000000000e+00 8.133223768170e-21 0.000000000000e+00 0.000000000000e+00 0.000000000000e+00 0.000000000000e+00)
(0.000000000000e+00 -1.227049252399e-20 0.000000000000e+00 0.000000000000e+00 0.000000000000e+00 0.000000000000e+00)
(0.000000000000e+00 1.003230338950e-20 0.000000000000e+00 0.000000000000e+00 0.000000000000e+00 0.000000000000e+00)
(0.000000000000e+00 -3.329475457447e-16 0.000000000000e+00 0.000000000000e+00 0.000000000000e+00 0.000000000000e+00)
)

F0               : (-8.441204820634e-13 6.282432459441e-01 -1.059409222635e-20)
tau0             : (-8.106243892696e-21 3.072473150069e-20 -3.551710791791e-16)

Time = 2.08884             6 6
(
(0.000000000000e+00 5.549582579162e-12 0.000000000000e+00 0.000000000000e+00 0.000000000000e+00 0.000000000000e+00)
(0.000000000000e+00 3.137878864737e+00 0.000000000000e+00 0.000000000000e+00 0.000000000000e+00 0.000000000000e+00)
(0.000000000000e+00 5.790523607696e-21 0.000000000000e+00 0.000000000000e+00 0.000000000000e+00 0.000000000000e+00)
(0.000000000000e+00 -8.887958914574e-21 0.000000000000e+00 0.000000000000e+00 0.000000000000e+00 0.000000000000e+00)
(0.000000000000e+00 1.252707904756e-20 0.000000000000e+00 0.000000000000e+00 0.000000000000e+00 0.000000000000e+00)
(0.000000000000e+00 -3.282737649475e-16 0.000000000000e+00 0.000000000000e+00 0.000000000000e+00 0.000000000000e+00)
)

F0               : (-7.189560904085e-13 6.282428560380e-01 -5.021555403062e-21)
tau0             : (-8.611716101299e-21 4.462088015198e-20 -3.296923281257e-16)

Time = 2.11054             6 6
(
(0.000000000000e+00 3.331892607676e-12 0.000000000000e+00 0.000000000000e+00 0.000000000000e+00 0.000000000000e+00)
(0.000000000000e+00 3.137878852838e+00 0.000000000000e+00 0.000000000000e+00 0.000000000000e+00 0.000000000000e+00)
(0.000000000000e+00 -1.188105883143e-21 0.000000000000e+00 0.000000000000e+00 0.000000000000e+00 0.000000000000e+00)
(0.000000000000e+00 -3.801675939201e-21 0.000000000000e+00 0.000000000000e+00 0.000000000000e+00 0.000000000000e+00)
(0.000000000000e+00 -1.688900379623e-20 0.000000000000e+00 0.000000000000e+00 0.000000000000e+00 0.000000000000e+00)
(0.000000000000e+00 -3.285813009098e-16 0.000000000000e+00 0.000000000000e+00 0.000000000000e+00 0.000000000000e+00)
)

F0               : (-1.896977610801e-12 6.282444343811e-01 -2.534406900984e-21)
tau0             : (-1.606127696879e-20 2.305949797409e-20 -3.397762553627e-16)

Time = 2.13171             6 6
(
(0.000000000000e+00 4.154999103617e-12 0.000000000000e+00 0.000000000000e+00 0.000000000000e+00 0.000000000000e+00)
(0.000000000000e+00 3.137878842867e+00 0.000000000000e+00 0.000000000000e+00 0.000000000000e+00 0.000000000000e+00)
(0.000000000000e+00 1.310040116067e-20 0.000000000000e+00 0.000000000000e+00 0.000000000000e+00 0.000000000000e+00)
(0.000000000000e+00 -1.850471797966e-20 0.000000000000e+00 0.000000000000e+00 0.000000000000e+00 0.000000000000e+00)
(0.000000000000e+00 6.814633917745e-21 0.000000000000e+00 0.000000000000e+00 0.000000000000e+00 0.000000000000e+00)
(0.000000000000e+00 -3.451145650083e-16 0.000000000000e+00 0.000000000000e+00 0.000000000000e+00 0.000000000000e+00)
)

F0               : (-1.705713424238e-12 6.282431396450e-01 5.391222582817e-23)
tau0             : (-1.874198690447e-20 5.497439673786e-20 -3.116064806359e-16)

Time = 2.15289             6 6
(
(0.000000000000e+00 6.451942413456e-12 0.000000000000e+00 0.000000000000e+00 0.000000000000e+00 0.000000000000e+00)
(0.000000000000e+00 3.137878828832e+00 0.000000000000e+00 0.000000000000e+00 0.000000000000e+00 0.000000000000e+00)
(0.000000000000e+00 1.013573195837e-20 0.000000000000e+00 0.000000000000e+00 0.000000000000e+00 0.000000000000e+00)
(0.000000000000e+00 -1.593747004081e-20 0.000000000000e+00 0.000000000000e+00 0.000000000000e+00 0.000000000000e+00)
(0.000000000000e+00 2.673011788581e-21 0.000000000000e+00 0.000000000000e+00 0.000000000000e+00 0.000000000000e+00)
(0.000000000000e+00 -3.464884874501e-16 0.000000000000e+00 0.000000000000e+00 0.000000000000e+00 0.000000000000e+00)
)

F0               : (-1.466560949287e-12 6.282444171557e-01 -5.817778535740e-22)
tau0             : (-1.798170680498e-20 2.661402710998e-21 -3.024517485420e-16)

Time = 2.17407             6 6
(
(0.000000000000e+00 -6.556230091976e-12 0.000000000000e+00 0.000000000000e+00 0.000000000000e+00 0.000000000000e+00)
(0.000000000000e+00 3.137878834741e+00 0.000000000000e+00 0.000000000000e+00 0.000000000000e+00 0.000000000000e+00)
(0.000000000000e+00 -2.438553651239e-22 0.000000000000e+00 0.000000000000e+00 0.000000000000e+00 0.000000000000e+00)
(0.000000000000e+00 -2.658089627334e-21 0.000000000000e+00 0.000000000000e+00 0.000000000000e+00 0.000000000000e+00)
(0.000000000000e+00 1.838269271925e-20 0.000000000000e+00 0.000000000000e+00 0.000000000000e+00 0.000000000000e+00)
(0.000000000000e+00 -3.637410155261e-16 0.000000000000e+00 0.000000000000e+00 0.000000000000e+00 0.000000000000e+00)
)

F0               : (-1.076360029752e-12 6.282449000694e-01 -7.663030033384e-21)
tau0             : (-6.611815310363e-21 4.959538355749e-20 -3.369717292744e-16)

Time = 2.19472             6 6
(
(0.000000000000e+00 -1.119530414240e-11 0.000000000000e+00 0.000000000000e+00 0.000000000000e+00 0.000000000000e+00)
(0.000000000000e+00 3.137878830761e+00 0.000000000000e+00 0.000000000000e+00 0.000000000000e+00 0.000000000000e+00)
(0.000000000000e+00 -5.816182443839e-21 0.000000000000e+00 0.000000000000e+00 0.000000000000e+00 0.000000000000e+00)
(0.000000000000e+00 8.465303868865e-23 0.000000000000e+00 0.000000000000e+00 0.000000000000e+00 0.000000000000e+00)
(0.000000000000e+00 -2.112690590977e-20 0.000000000000e+00 0.000000000000e+00 0.000000000000e+00 0.000000000000e+00)
(0.000000000000e+00 -3.273209563108e-16 0.000000000000e+00 0.000000000000e+00 0.000000000000e+00 0.000000000000e+00)
)

F0               : (-1.318791186282e-12 6.282429776951e-01 9.000244502451e-22)
tau0             : (-4.292152837349e-21 -1.401354191919e-20 -3.410391814871e-16)

Time = 2.21537             6 6
(
(0.000000000000e+00 -1.215596818052e-11 0.000000000000e+00 0.000000000000e+00 0.000000000000e+00 0.000000000000e+00)
(0.000000000000e+00 3.137878869736e+00 0.000000000000e+00 0.000000000000e+00 0.000000000000e+00 0.000000000000e+00)
(0.000000000000e+00 2.082156701091e-20 0.000000000000e+00 0.000000000000e+00 0.000000000000e+00 0.000000000000e+00)
(0.000000000000e+00 -2.118551425133e-20 0.000000000000e+00 0.000000000000e+00 0.000000000000e+00 0.000000000000e+00)
(0.000000000000e+00 1.302597133231e-20 0.000000000000e+00 0.000000000000e+00 0.000000000000e+00 0.000000000000e+00)
(0.000000000000e+00 -3.341024991442e-16 0.000000000000e+00 0.000000000000e+00 0.000000000000e+00 0.000000000000e+00)
)

F0               : (-1.326914028958e-12 6.282441508364e-01 2.390205105803e-21)
tau0             : (-2.076790718277e-20 4.741461503177e-20 -3.329381583796e-16)

Time = 2.23549             6 6
(
(0.000000000000e+00 -1.068026065978e-11 0.000000000000e+00 0.000000000000e+00 0.000000000000e+00 0.000000000000e+00)
(0.000000000000e+00 3.137878856246e+00 0.000000000000e+00 0.000000000000e+00 0.000000000000e+00 0.000000000000e+00)
(0.000000000000e+00 -1.328273922134e-21 0.000000000000e+00 0.000000000000e+00 0.000000000000e+00 0.000000000000e+00)
(0.000000000000e+00 -2.505684392491e-21 0.000000000000e+00 0.000000000000e+00 0.000000000000e+00 0.000000000000e+00)
(0.000000000000e+00 4.900101465890e-21 0.000000000000e+00 0.000000000000e+00 0.000000000000e+00 0.000000000000e+00)
(0.000000000000e+00 -2.989655376880e-16 0.000000000000e+00 0.000000000000e+00 0.000000000000e+00 0.000000000000e+00)
)

F0               : (-1.391013064282e-12 6.282423967755e-01 -9.552313046341e-22)
tau0             : (-1.435913416574e-21 1.679950868335e-20 -3.026431779881e-16)

Time = 2.2556              6 6
(
(0.000000000000e+00 -1.050120600178e-11 0.000000000000e+00 0.000000000000e+00 0.000000000000e+00 0.000000000000e+00)
(0.000000000000e+00 3.137878844886e+00 0.000000000000e+00 0.000000000000e+00 0.000000000000e+00 0.000000000000e+00)
(0.000000000000e+00 1.817049705399e-20 0.000000000000e+00 0.000000000000e+00 0.000000000000e+00 0.000000000000e+00)
(0.000000000000e+00 -2.222377335160e-20 0.000000000000e+00 0.000000000000e+00 0.000000000000e+00 0.000000000000e+00)
(0.000000000000e+00 1.022193492676e-20 0.000000000000e+00 0.000000000000e+00 0.000000000000e+00 0.000000000000e+00)
(0.000000000000e+00 -3.405381002464e-16 0.000000000000e+00 0.000000000000e+00 0.000000000000e+00 0.000000000000e+00)
)

F0               : (-1.943900769519e-12 6.282437577957e-01 9.405502505706e-22)
tau0             : (-1.930906647336e-20 2.737198716005e-20 -3.650000494990e-16)

Time = 2.27572             6 6
(
(0.000000000000e+00 -1.126027592221e-11 0.000000000000e+00 0.000000000000e+00 0.000000000000e+00 0.000000000000e+00)
(0.000000000000e+00 3.137878800234e+00 0.000000000000e+00 0.000000000000e+00 0.000000000000e+00 0.000000000000e+00)
(0.000000000000e+00 -1.105250822616e-20 0.000000000000e+00 0.000000000000e+00 0.000000000000e+00 0.000000000000e+00)
(0.000000000000e+00 9.891495807650e-22 0.000000000000e+00 0.000000000000e+00 0.000000000000e+00 0.000000000000e+00)
(0.000000000000e+00 -3.424392119342e-20 0.000000000000e+00 0.000000000000e+00 0.000000000000e+00 0.000000000000e+00)
(0.000000000000e+00 -3.354098995735e-16 0.000000000000e+00 0.000000000000e+00 0.000000000000e+00 0.000000000000e+00)
)

F0               : (-2.489484069194e-12 6.282442723457e-01 -1.285258115464e-20)
tau0             : (-6.482642543040e-21 -1.420858427812e-20 -3.477578468247e-16)

Time = 2.2953              6 6
(
(0.000000000000e+00 -4.720096953444e-12 0.000000000000e+00 0.000000000000e+00 0.000000000000e+00 0.000000000000e+00)
(0.000000000000e+00 3.137878786728e+00 0.000000000000e+00 0.000000000000e+00 0.000000000000e+00 0.000000000000e+00)
(0.000000000000e+00 -8.024817709819e-21 0.000000000000e+00 0.000000000000e+00 0.000000000000e+00 0.000000000000e+00)
(0.000000000000e+00 1.330880035379e-21 0.000000000000e+00 0.000000000000e+00 0.000000000000e+00 0.000000000000e+00)
(0.000000000000e+00 1.893796296144e-20 0.000000000000e+00 0.000000000000e+00 0.000000000000e+00 0.000000000000e+00)
(0.000000000000e+00 -3.226911739892e-16 0.000000000000e+00 0.000000000000e+00 0.000000000000e+00 0.000000000000e+00)
)

F0               : (-2.136471772066e-12 6.282420386488e-01 -8.581723306116e-21)
tau0             : (-5.657112955124e-21 4.358954555302e-20 -3.233023115716e-16)

Time = 2.31487             6 6
(
(0.000000000000e+00 -4.295228998294e-12 0.000000000000e+00 0.000000000000e+00 0.000000000000e+00 0.000000000000e+00)
(0.000000000000e+00 3.137878772821e+00 0.000000000000e+00 0.000000000000e+00 0.000000000000e+00 0.000000000000e+00)
(0.000000000000e+00 2.291806855578e-20 0.000000000000e+00 0.000000000000e+00 0.000000000000e+00 0.000000000000e+00)
(0.000000000000e+00 -2.146644781643e-20 0.000000000000e+00 0.000000000000e+00 0.000000000000e+00 0.000000000000e+00)
(0.000000000000e+00 -1.840266685435e-20 0.000000000000e+00 0.000000000000e+00 0.000000000000e+00 0.000000000000e+00)
(0.000000000000e+00 -3.258425705320e-16 0.000000000000e+00 0.000000000000e+00 0.000000000000e+00 0.000000000000e+00)
)

F0               : (-1.043969191693e-12 6.282433997538e-01 7.669976684335e-21)
tau0             : (-1.900528851279e-20 1.929154862825e-20 -3.355131385392e-16)

Time = 2.33445             6 6
(
(0.000000000000e+00 -4.542800325199e-12 0.000000000000e+00 0.000000000000e+00 0.000000000000e+00 0.000000000000e+00)
(0.000000000000e+00 3.137878758674e+00 0.000000000000e+00 0.000000000000e+00 0.000000000000e+00 0.000000000000e+00)
(0.000000000000e+00 -8.587762208776e-21 0.000000000000e+00 0.000000000000e+00 0.000000000000e+00 0.000000000000e+00)
(0.000000000000e+00 1.424426898754e-21 0.000000000000e+00 0.000000000000e+00 0.000000000000e+00 0.000000000000e+00)
(0.000000000000e+00 1.279904682518e-20 0.000000000000e+00 0.000000000000e+00 0.000000000000e+00 0.000000000000e+00)
(0.000000000000e+00 -3.264835145549e-16 0.000000000000e+00 0.000000000000e+00 0.000000000000e+00 0.000000000000e+00)
)

F0               : (-9.844388216933e-13 6.282439101952e-01 -8.750116468421e-21)
tau0             : (-5.802631215235e-21 4.349848861897e-20 -3.294619351640e-16)

Time = 2.35402             6 6
(
(0.000000000000e+00 -3.863020969173e-12 0.000000000000e+00 0.000000000000e+00 0.000000000000e+00 0.000000000000e+00)
(0.000000000000e+00 3.137878744332e+00 0.000000000000e+00 0.000000000000e+00 0.000000000000e+00 0.000000000000e+00)
(0.000000000000e+00 7.516098263994e-21 0.000000000000e+00 0.000000000000e+00 0.000000000000e+00 0.000000000000e+00)
(0.000000000000e+00 -1.119789059270e-20 0.000000000000e+00 0.000000000000e+00 0.000000000000e+00 0.000000000000e+00)
(0.000000000000e+00 -1.221194864299e-20 0.000000000000e+00 0.000000000000e+00 0.000000000000e+00 0.000000000000e+00)
(0.000000000000e+00 -3.312253330419e-16 0.000000000000e+00 0.000000000000e+00 0.000000000000e+00 0.000000000000e+00)
)

F0               : (-2.512412776738e-12 6.282440632162e-01 1.553315964944e-20)
tau0             : (-4.388690951756e-21 4.460056908003e-21 -3.126093676455e-16)

Time = 2.37302             6 6
(
(0.000000000000e+00 -6.035384457851e-13 0.000000000000e+00 0.000000000000e+00 0.000000000000e+00 0.000000000000e+00)
(0.000000000000e+00 3.137878729807e+00 0.000000000000e+00 0.000000000000e+00 0.000000000000e+00 0.000000000000e+00)
(0.000000000000e+00 -7.791803498799e-21 0.000000000000e+00 0.000000000000e+00 0.000000000000e+00 0.000000000000e+00)
(0.000000000000e+00 -6.126815256963e-21 0.000000000000e+00 0.000000000000e+00 0.000000000000e+00 0.000000000000e+00)
(0.000000000000e+00 1.294708757535e-20 0.000000000000e+00 0.000000000000e+00 0.000000000000e+00 0.000000000000e+00)
(0.000000000000e+00 -3.328538555127e-16 0.000000000000e+00 0.000000000000e+00 0.000000000000e+00 0.000000000000e+00)
)

F0               : (-2.376125392365e-12 6.282413429654e-01 -5.876089178295e-21)
tau0             : (-8.430478153920e-21 4.461018030282e-20 -3.241832258367e-16)

Time = 2.39202             6 6
(
(0.000000000000e+00 -1.213553906824e-12 0.000000000000e+00 0.000000000000e+00 0.000000000000e+00 0.000000000000e+00)
(0.000000000000e+00 3.137878719730e+00 0.000000000000e+00 0.000000000000e+00 0.000000000000e+00 0.000000000000e+00)
(0.000000000000e+00 1.375585879190e-20 0.000000000000e+00 0.000000000000e+00 0.000000000000e+00 0.000000000000e+00)
(0.000000000000e+00 -1.500987794213e-20 0.000000000000e+00 0.000000000000e+00 0.000000000000e+00 0.000000000000e+00)
(0.000000000000e+00 1.259891079041e-20 0.000000000000e+00 0.000000000000e+00 0.000000000000e+00 0.000000000000e+00)
(0.000000000000e+00 -3.414619606417e-16 0.000000000000e+00 0.000000000000e+00 0.000000000000e+00 0.000000000000e+00)
)

F0               : (-3.478235874235e-12 6.282428300668e-01 1.658717588240e-21)
tau0             : (-1.212690072853e-20 2.530859555648e-20 -3.214794966691e-16)

Time = 2.41102             6 6
(
(0.000000000000e+00 -2.920844140891e-12 0.000000000000e+00 0.000000000000e+00 0.000000000000e+00 0.000000000000e+00)
(0.000000000000e+00 3.137878704555e+00 0.000000000000e+00 0.000000000000e+00 0.000000000000e+00 0.000000000000e+00)
(0.000000000000e+00 1.089677986600e-20 0.000000000000e+00 0.000000000000e+00 0.000000000000e+00 0.000000000000e+00)
(0.000000000000e+00 -1.581697221372e-20 0.000000000000e+00 0.000000000000e+00 0.000000000000e+00 0.000000000000e+00)
(0.000000000000e+00 -2.007167413368e-21 0.000000000000e+00 0.000000000000e+00 0.000000000000e+00 0.000000000000e+00)
(0.000000000000e+00 -3.294197285614e-16 0.000000000000e+00 0.000000000000e+00 0.000000000000e+00 0.000000000000e+00)
)

F0               : (-2.854471162477e-12 6.282433919267e-01 9.236942014557e-21)
tau0             : (-1.118109675469e-20 4.013481324889e-20 -3.026618127129e-16)

Time = 2.42943             6 6
(
(0.000000000000e+00 -1.610196732511e-12 0.000000000000e+00 0.000000000000e+00 0.000000000000e+00 0.000000000000e+00)
(0.000000000000e+00 3.137878689244e+00 0.000000000000e+00 0.000000000000e+00 0.000000000000e+00 0.000000000000e+00)
(0.000000000000e+00 6.626759066540e-21 0.000000000000e+00 0.000000000000e+00 0.000000000000e+00 0.000000000000e+00)
(0.000000000000e+00 -9.682044022219e-21 0.000000000000e+00 0.000000000000e+00 0.000000000000e+00 0.000000000000e+00)
(0.000000000000e+00 -3.183114396409e-20 0.000000000000e+00 0.000000000000e+00 0.000000000000e+00 0.000000000000e+00)
(0.000000000000e+00 -3.333749965726e-16 0.000000000000e+00 0.000000000000e+00 0.000000000000e+00 0.000000000000e+00)
)

F0               : (-3.963426266872e-12 6.282405576261e-01 5.522612975232e-21)
tau0             : (-7.604298093280e-21 2.038935115118e-20 -3.274561611449e-16)

Time = 2.44783             6 6
(
(0.000000000000e+00 -1.742170281200e-12 0.000000000000e+00 0.000000000000e+00 0.000000000000e+00 0.000000000000e+00)
(0.000000000000e+00 3.137878674132e+00 0.000000000000e+00 0.000000000000e+00 0.000000000000e+00 0.000000000000e+00)
(0.000000000000e+00 6.372751249019e-21 0.000000000000e+00 0.000000000000e+00 0.000000000000e+00 0.000000000000e+00)
(0.000000000000e+00 -9.798047494278e-21 0.000000000000e+00 0.000000000000e+00 0.000000000000e+00 0.000000000000e+00)
(0.000000000000e+00 -1.075220706329e-20 0.000000000000e+00 0.000000000000e+00 0.000000000000e+00 0.000000000000e+00)
(0.000000000000e+00 -3.342964360213e-16 0.000000000000e+00 0.000000000000e+00 0.000000000000e+00 0.000000000000e+00)
)

F0               : (-3.960507838569e-12 6.282422798537e-01 -7.104439792727e-22)
tau0             : (-4.587224538902e-21 1.604376384946e-21 -3.155976998834e-16)

Time = 2.46624             6 6
(
(0.000000000000e+00 -5.512913229768e-12 0.000000000000e+00 0.000000000000e+00 0.000000000000e+00 0.000000000000e+00)
(0.000000000000e+00 3.137878660151e+00 0.000000000000e+00 0.000000000000e+00 0.000000000000e+00 0.000000000000e+00)
(0.000000000000e+00 1.335668418753e-20 0.000000000000e+00 0.000000000000e+00 0.000000000000e+00 0.000000000000e+00)
(0.000000000000e+00 -1.670269567934e-20 0.000000000000e+00 0.000000000000e+00 0.000000000000e+00 0.000000000000e+00)
(0.000000000000e+00 -7.523970983480e-22 0.000000000000e+00 0.000000000000e+00 0.000000000000e+00 0.000000000000e+00)
(0.000000000000e+00 -3.082883461124e-16 0.000000000000e+00 0.000000000000e+00 0.000000000000e+00 0.000000000000e+00)
)

F0               : (-4.217905863989e-12 6.282429360118e-01 4.826487726194e-22)
tau0             : (-1.084034142234e-20 2.962720480066e-20 -3.276662253159e-16)

Time = 2.48464             6 6
(
(0.000000000000e+00 -4.539311547813e-12 0.000000000000e+00 0.000000000000e+00 0.000000000000e+00 0.000000000000e+00)
(0.000000000000e+00 3.137878643655e+00 0.000000000000e+00 0.000000000000e+00 0.000000000000e+00 0.000000000000e+00)
(0.000000000000e+00 8.494033224271e-21 0.000000000000e+00 0.000000000000e+00 0.000000000000e+00 0.000000000000e+00)
(0.000000000000e+00 -8.231571126106e-21 0.000000000000e+00 0.000000000000e+00 0.000000000000e+00 0.000000000000e+00)
(0.000000000000e+00 -3.992770363841e-21 0.000000000000e+00 0.000000000000e+00 0.000000000000e+00 0.000000000000e+00)
(0.000000000000e+00 -3.225561899210e-16 0.000000000000e+00 0.000000000000e+00 0.000000000000e+00 0.000000000000e+00)
)

F0               : (-4.178796333488e-12 6.282431429379e-01 5.988961253346e-21)
tau0             : (-4.590837199898e-21 1.599544334464e-20 -3.442202137205e-16)

Time = 2.50305             6 6
(
(0.000000000000e+00 -4.759819529079e-12 0.000000000000e+00 0.000000000000e+00 0.000000000000e+00 0.000000000000e+00)
(0.000000000000e+00 3.137878631242e+00 0.000000000000e+00 0.000000000000e+00 0.000000000000e+00 0.000000000000e+00)
(0.000000000000e+00 1.754039680845e-21 0.000000000000e+00 0.000000000000e+00 0.000000000000e+00 0.000000000000e+00)
(0.000000000000e+00 -1.194068351110e-20 0.000000000000e+00 0.000000000000e+00 0.000000000000e+00 0.000000000000e+00)
(0.000000000000e+00 -1.536054466832e-20 0.000000000000e+00 0.000000000000e+00 0.000000000000e+00 0.000000000000e+00)
(0.000000000000e+00 -3.222872912405e-16 0.000000000000e+00 0.000000000000e+00 0.000000000000e+00 0.000000000000e+00)
)

F0               : (-4.712920619087e-12 6.282431593657e-01 -4.157841804407e-22)
tau0             : (-9.575232355637e-21 1.652730205586e-20 -3.288724002327e-16)

Time = 2.5208              6 6
(
(0.000000000000e+00 -4.033105746520e-12 0.000000000000e+00 0.000000000000e+00 0.000000000000e+00 0.000000000000e+00)
(0.000000000000e+00 3.137878611972e+00 0.000000000000e+00 0.000000000000e+00 0.000000000000e+00 0.000000000000e+00)
(0.000000000000e+00 -5.606222690813e-21 0.000000000000e+00 0.000000000000e+00 0.000000000000e+00 0.000000000000e+00)
(0.000000000000e+00 -1.257940921360e-20 0.000000000000e+00 0.000000000000e+00 0.000000000000e+00 0.000000000000e+00)
(0.000000000000e+00 1.155003764352e-20 0.000000000000e+00 0.000000000000e+00 0.000000000000e+00 0.000000000000e+00)
(0.000000000000e+00 -3.409389746292e-16 0.000000000000e+00 0.000000000000e+00 0.000000000000e+00 0.000000000000e+00)
)

F0               : (-4.766390488678e-12 6.282394795944e-01 3.202248527107e-21)
tau0             : (-6.452145552849e-21 5.307167467621e-20 -3.282964178286e-16)

Time = 2.53855             6 6
(
(0.000000000000e+00 -4.639259750281e-12 0.000000000000e+00 0.000000000000e+00 0.000000000000e+00 0.000000000000e+00)
(0.000000000000e+00 3.137878595240e+00 0.000000000000e+00 0.000000000000e+00 0.000000000000e+00 0.000000000000e+00)
(0.000000000000e+00 1.610783244399e-21 0.000000000000e+00 0.000000000000e+00 0.000000000000e+00 0.000000000000e+00)
(0.000000000000e+00 -1.687280679321e-20 0.000000000000e+00 0.000000000000e+00 0.000000000000e+00 0.000000000000e+00)
(0.000000000000e+00 -4.726695093947e-21 0.000000000000e+00 0.000000000000e+00 0.000000000000e+00 0.000000000000e+00)
(0.000000000000e+00 -3.291256508759e-16 0.000000000000e+00 0.000000000000e+00 0.000000000000e+00 0.000000000000e+00)
)

F0               : (-4.502234441381e-12 6.282414665257e-01 1.724243135723e-21)
tau0             : (-8.462833360494e-21 2.397218351156e-20 -3.403175094160e-16)

Time = 2.55629             6 6
(
(0.000000000000e+00 -4.772928110124e-12 0.000000000000e+00 0.000000000000e+00 0.000000000000e+00 0.000000000000e+00)
(0.000000000000e+00 3.137878578213e+00 0.000000000000e+00 0.000000000000e+00 0.000000000000e+00 0.000000000000e+00)
(0.000000000000e+00 5.956205300023e-21 0.000000000000e+00 0.000000000000e+00 0.000000000000e+00 0.000000000000e+00)
(0.000000000000e+00 -1.428391315459e-20 0.000000000000e+00 0.000000000000e+00 0.000000000000e+00 0.000000000000e+00)
(0.000000000000e+00 -3.660794037171e-21 0.000000000000e+00 0.000000000000e+00 0.000000000000e+00 0.000000000000e+00)
(0.000000000000e+00 -3.221927526506e-16 0.000000000000e+00 0.000000000000e+00 0.000000000000e+00 0.000000000000e+00)
)

F0               : (-3.945496869755e-12 6.282422294961e-01 5.569723603270e-22)
tau0             : (-9.956043234511e-21 4.571409557972e-20 -3.067546759140e-16)

Time = 2.57404             6 6
(
(0.000000000000e+00 -4.744160483462e-12 0.000000000000e+00 0.000000000000e+00 0.000000000000e+00 0.000000000000e+00)
(0.000000000000e+00 3.137878560869e+00 0.000000000000e+00 0.000000000000e+00 0.000000000000e+00 0.000000000000e+00)
(0.000000000000e+00 3.839547502992e-21 0.000000000000e+00 0.000000000000e+00 0.000000000000e+00 0.000000000000e+00)
(0.000000000000e+00 -9.738990224866e-21 0.000000000000e+00 0.000000000000e+00 0.000000000000e+00 0.000000000000e+00)
(0.000000000000e+00 -1.492817228922e-20 0.000000000000e+00 0.000000000000e+00 0.000000000000e+00 0.000000000000e+00)
(0.000000000000e+00 -3.272898988981e-16 0.000000000000e+00 0.000000000000e+00 0.000000000000e+00 0.000000000000e+00)
)

F0               : (-4.585382881771e-12 6.282424777677e-01 -1.180677352617e-20)
tau0             : (-1.304095484412e-20 1.936923514885e-20 -3.157196726278e-16)

Time = 2.59179             6 6
(
(0.000000000000e+00 -5.133081588973e-12 0.000000000000e+00 0.000000000000e+00 0.000000000000e+00 0.000000000000e+00)
(0.000000000000e+00 3.137878544021e+00 0.000000000000e+00 0.000000000000e+00 0.000000000000e+00 0.000000000000e+00)
(0.000000000000e+00 5.006778725994e-21 0.000000000000e+00 0.000000000000e+00 0.000000000000e+00 0.000000000000e+00)
(0.000000000000e+00 -8.688698390602e-21 0.000000000000e+00 0.000000000000e+00 0.000000000000e+00 0.000000000000e+00)
(0.000000000000e+00 -1.962376608220e-20 0.000000000000e+00 0.000000000000e+00 0.000000000000e+00 0.000000000000e+00)
(0.000000000000e+00 -3.076270035983e-16 0.000000000000e+00 0.000000000000e+00 0.000000000000e+00 0.000000000000e+00)
)

F0               : (-6.340795239129e-12 6.282425075089e-01 -3.976059247585e-21)
tau0             : (-1.182414881613e-20 2.677230640816e-20 -3.375155244265e-16)

Time = 2.6088              6 6
(
(0.000000000000e+00 -5.535179773495e-12 0.000000000000e+00 0.000000000000e+00 0.000000000000e+00 0.000000000000e+00)
(0.000000000000e+00 3.137878526795e+00 0.000000000000e+00 0.000000000000e+00 0.000000000000e+00 0.000000000000e+00)
(0.000000000000e+00 4.644802088804e-21 0.000000000000e+00 0.000000000000e+00 0.000000000000e+00 0.000000000000e+00)
(0.000000000000e+00 -8.991604848948e-21 0.000000000000e+00 0.000000000000e+00 0.000000000000e+00 0.000000000000e+00)
(0.000000000000e+00 -1.294614236089e-20 0.000000000000e+00 0.000000000000e+00 0.000000000000e+00 0.000000000000e+00)
(0.000000000000e+00 -3.249395755225e-16 0.000000000000e+00 0.000000000000e+00 0.000000000000e+00 0.000000000000e+00)
)

F0               : (-6.465839419868e-12 6.282379816270e-01 2.153421327481e-21)
tau0             : (-9.058439024876e-21 3.018840938893e-20 -3.421471005821e-16)

Time = 2.62581             6 6
(
(0.000000000000e+00 -3.850823914904e-12 0.000000000000e+00 0.000000000000e+00 0.000000000000e+00 0.000000000000e+00)
(0.000000000000e+00 3.137878509013e+00 0.000000000000e+00 0.000000000000e+00 0.000000000000e+00 0.000000000000e+00)
(0.000000000000e+00 5.115233638823e-21 0.000000000000e+00 0.000000000000e+00 0.000000000000e+00 0.000000000000e+00)
(0.000000000000e+00 -1.806058329584e-20 0.000000000000e+00 0.000000000000e+00 0.000000000000e+00 0.000000000000e+00)
(0.000000000000e+00 8.951686564645e-21 0.000000000000e+00 0.000000000000e+00 0.000000000000e+00 0.000000000000e+00)
(0.000000000000e+00 -3.258251999726e-16 0.000000000000e+00 0.000000000000e+00 0.000000000000e+00 0.000000000000e+00)
)

F0               : (-8.610410507422e-12 6.282404685426e-01 -8.156345071819e-21)
tau0             : (-1.770143956356e-20 4.683644302917e-20 -3.401006689815e-16)

Time = 2.64282             6 6
(
(0.000000000000e+00 -8.069805740187e-12 0.000000000000e+00 0.000000000000e+00 0.000000000000e+00 0.000000000000e+00)
(0.000000000000e+00 3.137878484465e+00 0.000000000000e+00 0.000000000000e+00 0.000000000000e+00 0.000000000000e+00)
(0.000000000000e+00 7.994230280310e-21 0.000000000000e+00 0.000000000000e+00 0.000000000000e+00 0.000000000000e+00)
(0.000000000000e+00 -2.034407694983e-20 0.000000000000e+00 0.000000000000e+00 0.000000000000e+00 0.000000000000e+00)
(0.000000000000e+00 -6.439786971161e-21 0.000000000000e+00 0.000000000000e+00 0.000000000000e+00 0.000000000000e+00)
(0.000000000000e+00 -3.336805643686e-16 0.000000000000e+00 0.000000000000e+00 0.000000000000e+00 0.000000000000e+00)
)

F0               : (-1.050863511335e-11 6.282414387660e-01 -1.621812112287e-21)
tau0             : (-1.737465006574e-20 2.659266162609e-20 -3.223807397250e-16)

Time = 2.65983             6 6
(
(0.000000000000e+00 -1.098624450236e-11 0.000000000000e+00 0.000000000000e+00 0.000000000000e+00 0.000000000000e+00)
(0.000000000000e+00 3.137878462835e+00 0.000000000000e+00 0.000000000000e+00 0.000000000000e+00 0.000000000000e+00)
(0.000000000000e+00 1.971145039282e-22 0.000000000000e+00 0.000000000000e+00 0.000000000000e+00 0.000000000000e+00)
(0.000000000000e+00 -1.344372226576e-20 0.000000000000e+00 0.000000000000e+00 0.000000000000e+00 0.000000000000e+00)
(0.000000000000e+00 -8.879743816771e-21 0.000000000000e+00 0.000000000000e+00 0.000000000000e+00 0.000000000000e+00)
(0.000000000000e+00 -3.165284483600e-16 0.000000000000e+00 0.000000000000e+00 0.000000000000e+00 0.000000000000e+00)
)

F0               : (-1.166128478503e-11 6.282417703976e-01 -4.257594874048e-21)
tau0             : (-1.180046138922e-20 2.464688599948e-20 -3.119249650241e-16)

Time = 2.67683             6 6
(
(0.000000000000e+00 9.281423665322e-12 0.000000000000e+00 0.000000000000e+00 0.000000000000e+00 0.000000000000e+00)
(0.000000000000e+00 3.137878373703e+00 0.000000000000e+00 0.000000000000e+00 0.000000000000e+00 0.000000000000e+00)
(0.000000000000e+00 -5.128095361288e-21 0.000000000000e+00 0.000000000000e+00 0.000000000000e+00 0.000000000000e+00)
(0.000000000000e+00 -4.086868401872e-21 0.000000000000e+00 0.000000000000e+00 0.000000000000e+00 0.000000000000e+00)
(0.000000000000e+00 5.061823396963e-21 0.000000000000e+00 0.000000000000e+00 0.000000000000e+00 0.000000000000e+00)
(0.000000000000e+00 -3.240394288600e-16 0.000000000000e+00 0.000000000000e+00 0.000000000000e+00 0.000000000000e+00)
)

F0               : (-1.198058151167e-11 6.282418338992e-01 2.385645833121e-22)
tau0             : (-7.707986913851e-21 1.664598500618e-20 -3.314134990745e-16)

Time = 2.69384             6 6
(
(0.000000000000e+00 9.979907925751e-12 0.000000000000e+00 0.000000000000e+00 0.000000000000e+00 0.000000000000e+00)
(0.000000000000e+00 3.137878352614e+00 0.000000000000e+00 0.000000000000e+00 0.000000000000e+00 0.000000000000e+00)
(0.000000000000e+00 1.345195318133e-20 0.000000000000e+00 0.000000000000e+00 0.000000000000e+00 0.000000000000e+00)
(0.000000000000e+00 -9.681534233089e-21 0.000000000000e+00 0.000000000000e+00 0.000000000000e+00 0.000000000000e+00)
(0.000000000000e+00 -1.164791179157e-20 0.000000000000e+00 0.000000000000e+00 0.000000000000e+00 0.000000000000e+00)
(0.000000000000e+00 -3.271598604530e-16 0.000000000000e+00 0.000000000000e+00 0.000000000000e+00 0.000000000000e+00)
)

F0               : (-1.218718772818e-11 6.282417823750e-01 1.579772987546e-20)
tau0             : (-1.498131638526e-21 5.575019191821e-20 -3.095668252989e-16)

Time = 2.71085             6 6
(
(0.000000000000e+00 9.092488954366e-12 0.000000000000e+00 0.000000000000e+00 0.000000000000e+00 0.000000000000e+00)
(0.000000000000e+00 3.137878331333e+00 0.000000000000e+00 0.000000000000e+00 0.000000000000e+00 0.000000000000e+00)
(0.000000000000e+00 7.204299697166e-21 0.000000000000e+00 0.000000000000e+00 0.000000000000e+00 0.000000000000e+00)
(0.000000000000e+00 -1.423115969589e-20 0.000000000000e+00 0.000000000000e+00 0.000000000000e+00 0.000000000000e+00)
(0.000000000000e+00 -1.206497442871e-20 0.000000000000e+00 0.000000000000e+00 0.000000000000e+00 0.000000000000e+00)
(0.000000000000e+00 -3.475663351253e-16 0.000000000000e+00 0.000000000000e+00 0.000000000000e+00 0.000000000000e+00)
)

F0               : (-1.050911162021e-11 6.282416757497e-01 6.191917556347e-21)
tau0             : (-1.532466513456e-21 2.808249450873e-20 -3.595858149002e-16)

Time = 2.72786             6 6
(
(0.000000000000e+00 1.089266166119e-11 0.000000000000e+00 0.000000000000e+00 0.000000000000e+00 0.000000000000e+00)
(0.000000000000e+00 3.137878309882e+00 0.000000000000e+00 0.000000000000e+00 0.000000000000e+00 0.000000000000e+00)
(0.000000000000e+00 -2.220213191737e-21 0.000000000000e+00 0.000000000000e+00 0.000000000000e+00 0.000000000000e+00)
(0.000000000000e+00 -6.381173545489e-21 0.000000000000e+00 0.000000000000e+00 0.000000000000e+00 0.000000000000e+00)
(0.000000000000e+00 -1.052904943169e-20 0.000000000000e+00 0.000000000000e+00 0.000000000000e+00 0.000000000000e+00)
(0.000000000000e+00 -3.380074921541e-16 0.000000000000e+00 0.000000000000e+00 0.000000000000e+00 0.000000000000e+00)
)

F0               : (-2.106679902140e-12 6.282415609989e-01 2.811207342578e-22)
tau0             : (-3.622181462571e-21 1.402863794137e-20 -3.284997057360e-16)

Time = 2.74487             6 6
(
(0.000000000000e+00 1.200043722894e-11 0.000000000000e+00 0.000000000000e+00 0.000000000000e+00 0.000000000000e+00)
(0.000000000000e+00 3.137878288328e+00 0.000000000000e+00 0.000000000000e+00 0.000000000000e+00 0.000000000000e+00)
(0.000000000000e+00 6.458981705663e-21 0.000000000000e+00 0.000000000000e+00 0.000000000000e+00 0.000000000000e+00)
(0.000000000000e+00 -1.090218803631e-20 0.000000000000e+00 0.000000000000e+00 0.000000000000e+00 0.000000000000e+00)
(0.000000000000e+00 -4.262215249723e-21 0.000000000000e+00 0.000000000000e+00 0.000000000000e+00 0.000000000000e+00)
(0.000000000000e+00 -3.213007239950e-16 0.000000000000e+00 0.000000000000e+00 0.000000000000e+00 0.000000000000e+00)
)

F0               : (-2.684215846013e-12 6.282414306779e-01 -3.488493216447e-23)
tau0             : (-5.086361917602e-21 2.929929093364e-20 -3.281947738749e-16)

Time = 2.76081             6 6
(
(0.000000000000e+00 1.090534371111e-11 0.000000000000e+00 0.000000000000e+00 0.000000000000e+00 0.000000000000e+00)
(0.000000000000e+00 3.137878265902e+00 0.000000000000e+00 0.000000000000e+00 0.000000000000e+00 0.000000000000e+00)
(0.000000000000e+00 1.403927803117e-20 0.000000000000e+00 0.000000000000e+00 0.000000000000e+00 0.000000000000e+00)
(0.000000000000e+00 -1.066557018366e-20 0.000000000000e+00 0.000000000000e+00 0.000000000000e+00 0.000000000000e+00)
(0.000000000000e+00 -8.247666794899e-21 0.000000000000e+00 0.000000000000e+00 0.000000000000e+00 0.000000000000e+00)
(0.000000000000e+00 -3.485739432788e-16 0.000000000000e+00 0.000000000000e+00 0.000000000000e+00 0.000000000000e+00)
)

F0               : (-7.588211715882e-12 6.282338941723e-01 -1.349285012232e-20)
tau0             : (-2.614167989362e-20 3.111099746700e-20 -3.274163505964e-16)

Time = 2.77676             6 6
(
(0.000000000000e+00 9.528366001396e-12 0.000000000000e+00 0.000000000000e+00 0.000000000000e+00 0.000000000000e+00)
(0.000000000000e+00 3.137878245527e+00 0.000000000000e+00 0.000000000000e+00 0.000000000000e+00 0.000000000000e+00)
(0.000000000000e+00 -6.136287086576e-21 0.000000000000e+00 0.000000000000e+00 0.000000000000e+00 0.000000000000e+00)
(0.000000000000e+00 -2.768076918195e-20 0.000000000000e+00 0.000000000000e+00 0.000000000000e+00 0.000000000000e+00)
(0.000000000000e+00 -2.549968440291e-21 0.000000000000e+00 0.000000000000e+00 0.000000000000e+00 0.000000000000e+00)
(0.000000000000e+00 -3.467478615010e-16 0.000000000000e+00 0.000000000000e+00 0.000000000000e+00 0.000000000000e+00)
)

F0               : (-9.467230263085e-12 6.282380872387e-01 4.903121099667e-21)
tau0             : (-2.712717121812e-22 2.444352640428e-20 -3.175221587395e-16)

Time = 2.79271             6 6
(
(0.000000000000e+00 8.629922937292e-12 0.000000000000e+00 0.000000000000e+00 0.000000000000e+00 0.000000000000e+00)
(0.000000000000e+00 3.137878223669e+00 0.000000000000e+00 0.000000000000e+00 0.000000000000e+00 0.000000000000e+00)
(0.000000000000e+00 -1.100360823558e-20 0.000000000000e+00 0.000000000000e+00 0.000000000000e+00 0.000000000000e+00)
(0.000000000000e+00 -2.075303496013e-20 0.000000000000e+00 0.000000000000e+00 0.000000000000e+00 0.000000000000e+00)
(0.000000000000e+00 7.416661644822e-22 0.000000000000e+00 0.000000000000e+00 0.000000000000e+00 0.000000000000e+00)
(0.000000000000e+00 -3.394268943546e-16 0.000000000000e+00 0.000000000000e+00 0.000000000000e+00 0.000000000000e+00)
)

F0               : (-3.008846223931e-12 6.282397690626e-01 -3.986506696122e-21)
tau0             : (-3.047081229803e-21 3.469650684756e-20 -3.538835890993e-16)

Time = 2.80865             6 6
(
(0.000000000000e+00 1.246723117565e-11 0.000000000000e+00 0.000000000000e+00 0.000000000000e+00 0.000000000000e+00)
(0.000000000000e+00 3.137878200514e+00 0.000000000000e+00 0.000000000000e+00 0.000000000000e+00 0.000000000000e+00)
(0.000000000000e+00 2.033789061632e-21 0.000000000000e+00 0.000000000000e+00 0.000000000000e+00 0.000000000000e+00)
(0.000000000000e+00 -7.276443535875e-21 0.000000000000e+00 0.000000000000e+00 0.000000000000e+00 0.000000000000e+00)
(0.000000000000e+00 -9.770786632813e-21 0.000000000000e+00 0.000000000000e+00 0.000000000000e+00 0.000000000000e+00)
(0.000000000000e+00 -3.192671676320e-16 0.000000000000e+00 0.000000000000e+00 0.000000000000e+00 0.000000000000e+00)
)

F0               : (-3.660988165725e-12 6.282403979432e-01 -8.020114511635e-21)
tau0             : (-9.238518972388e-21 3.575996884098e-20 -3.113862520696e-16)

Time = 2.8246              6 6
(
(0.000000000000e+00 1.197640797214e-11 0.000000000000e+00 0.000000000000e+00 0.000000000000e+00 0.000000000000e+00)
(0.000000000000e+00 3.137878180361e+00 0.000000000000e+00 0.000000000000e+00 0.000000000000e+00 0.000000000000e+00)
(0.000000000000e+00 6.716172660146e-21 0.000000000000e+00 0.000000000000e+00 0.000000000000e+00 0.000000000000e+00)
(0.000000000000e+00 -8.656943810175e-21 0.000000000000e+00 0.000000000000e+00 0.000000000000e+00 0.000000000000e+00)
(0.000000000000e+00 -1.079902298066e-20 0.000000000000e+00 0.000000000000e+00 0.000000000000e+00 0.000000000000e+00)
(0.000000000000e+00 -3.203906941601e-16 0.000000000000e+00 0.000000000000e+00 0.000000000000e+00 0.000000000000e+00)
)

F0               : (-3.620812634095e-12 6.282405804804e-01 2.845434015219e-21)
tau0             : (-6.591905667491e-21 2.172395243026e-20 -3.255181497616e-16)

Time = 2.84054             6 6
(
(0.000000000000e+00 1.302310824815e-11 0.000000000000e+00 0.000000000000e+00 0.000000000000e+00 0.000000000000e+00)
(0.000000000000e+00 3.137878157878e+00 0.000000000000e+00 0.000000000000e+00 0.000000000000e+00 0.000000000000e+00)
(0.000000000000e+00 3.542388334793e-21 0.000000000000e+00 0.000000000000e+00 0.000000000000e+00 0.000000000000e+00)
(0.000000000000e+00 -5.683149525225e-21 0.000000000000e+00 0.000000000000e+00 0.000000000000e+00 0.000000000000e+00)
(0.000000000000e+00 -2.606396099261e-20 0.000000000000e+00 0.000000000000e+00 0.000000000000e+00 0.000000000000e+00)
(0.000000000000e+00 -3.280945982189e-16 0.000000000000e+00 0.000000000000e+00 0.000000000000e+00 0.000000000000e+00)
)

F0               : (-3.306951446621e-12 6.282405745527e-01 -1.753130846168e-21)
tau0             : (-2.137004093191e-21 3.046892013352e-20 -3.178745244456e-16)

Time = 2.85649             6 6
(
(0.000000000000e+00 1.756946696858e-11 0.000000000000e+00 0.000000000000e+00 0.000000000000e+00 0.000000000000e+00)
(0.000000000000e+00 3.137878127746e+00 0.000000000000e+00 0.000000000000e+00 0.000000000000e+00 0.000000000000e+00)
(0.000000000000e+00 5.764000043552e-21 0.000000000000e+00 0.000000000000e+00 0.000000000000e+00 0.000000000000e+00)
(0.000000000000e+00 -3.386764050123e-22 0.000000000000e+00 0.000000000000e+00 0.000000000000e+00 0.000000000000e+00)
(0.000000000000e+00 -2.484163729815e-20 0.000000000000e+00 0.000000000000e+00 0.000000000000e+00 0.000000000000e+00)
(0.000000000000e+00 -3.418483436233e-16 0.000000000000e+00 0.000000000000e+00 0.000000000000e+00 0.000000000000e+00)
)

F0               : (-4.047448492897e-12 6.282404832191e-01 -2.847577738886e-20)
tau0             : (-2.409049247746e-20 3.167547320705e-20 -3.223129770892e-16)

Time = 2.87243             6 6
(
(0.000000000000e+00 1.852282111824e-11 0.000000000000e+00 0.000000000000e+00 0.000000000000e+00 0.000000000000e+00)
(0.000000000000e+00 3.137878100527e+00 0.000000000000e+00 0.000000000000e+00 0.000000000000e+00 0.000000000000e+00)
(0.000000000000e+00 6.076626890118e-21 0.000000000000e+00 0.000000000000e+00 0.000000000000e+00 0.000000000000e+00)
(0.000000000000e+00 -6.315743404973e-21 0.000000000000e+00 0.000000000000e+00 0.000000000000e+00 0.000000000000e+00)
(0.000000000000e+00 -2.296168453509e-20 0.000000000000e+00 0.000000000000e+00 0.000000000000e+00 0.000000000000e+00)
(0.000000000000e+00 -3.263314028077e-16 0.000000000000e+00 0.000000000000e+00 0.000000000000e+00 0.000000000000e+00)
)

F0               : (-4.337382585257e-12 6.282403637010e-01 -2.459257699786e-20)
tau0             : (-2.628696886831e-20 2.450750398110e-20 -3.300819632814e-16)

Time = 2.88838             6 6
(
(0.000000000000e+00 2.172355832419e-11 0.000000000000e+00 0.000000000000e+00 0.000000000000e+00 0.000000000000e+00)
(0.000000000000e+00 3.137878084766e+00 0.000000000000e+00 0.000000000000e+00 0.000000000000e+00 0.000000000000e+00)
(0.000000000000e+00 -9.329512145274e-21 0.000000000000e+00 0.000000000000e+00 0.000000000000e+00 0.000000000000e+00)
(0.000000000000e+00 -2.174172163290e-20 0.000000000000e+00 0.000000000000e+00 0.000000000000e+00 0.000000000000e+00)
(0.000000000000e+00 -3.143016712343e-21 0.000000000000e+00 0.000000000000e+00 0.000000000000e+00 0.000000000000e+00)
(0.000000000000e+00 -3.081488148052e-16 0.000000000000e+00 0.000000000000e+00 0.000000000000e+00 0.000000000000e+00)
)

F0               : (-3.894177623594e-12 6.282402299110e-01 -2.408944855037e-20)
tau0             : (-2.770010086597e-20 4.172718397230e-20 -2.979252044719e-16)

Time = 2.90433             6 6
(
(0.000000000000e+00 2.224409947904e-11 0.000000000000e+00 0.000000000000e+00 0.000000000000e+00 0.000000000000e+00)
(0.000000000000e+00 3.137878060560e+00 0.000000000000e+00 0.000000000000e+00 0.000000000000e+00 0.000000000000e+00)
(0.000000000000e+00 -2.971433401490e-22 0.000000000000e+00 0.000000000000e+00 0.000000000000e+00 0.000000000000e+00)
(0.000000000000e+00 -1.206947734421e-20 0.000000000000e+00 0.000000000000e+00 0.000000000000e+00 0.000000000000e+00)
(0.000000000000e+00 -3.290516451135e-20 0.000000000000e+00 0.000000000000e+00 0.000000000000e+00 0.000000000000e+00)
(0.000000000000e+00 -3.397903818754e-16 0.000000000000e+00 0.000000000000e+00 0.000000000000e+00 0.000000000000e+00)
)

F0               : (-4.365855387715e-12 6.282400897315e-01 6.983052480267e-21)
tau0             : (-5.698597475690e-21 1.363350541922e-20 -2.978032317275e-16)

Time = 2.92027             6 6
(
(0.000000000000e+00 1.206305111545e-11 0.000000000000e+00 0.000000000000e+00 0.000000000000e+00 0.000000000000e+00)
(0.000000000000e+00 3.137878050175e+00 0.000000000000e+00 0.000000000000e+00 0.000000000000e+00 0.000000000000e+00)
(0.000000000000e+00 -9.329297824905e-21 0.000000000000e+00 0.000000000000e+00 0.000000000000e+00 0.000000000000e+00)
(0.000000000000e+00 -2.174165834215e-20 0.000000000000e+00 0.000000000000e+00 0.000000000000e+00 0.000000000000e+00)
(0.000000000000e+00 5.038290180671e-21 0.000000000000e+00 0.000000000000e+00 0.000000000000e+00 0.000000000000e+00)
(0.000000000000e+00 -3.062306725732e-16 0.000000000000e+00 0.000000000000e+00 0.000000000000e+00 0.000000000000e+00)
)

F0               : (-4.487860224504e-12 6.282399466501e-01 -2.435714605676e-20)
tau0             : (-2.783585771258e-20 4.111157039669e-20 -3.122504374341e-16)

Time = 2.93622             6 6
(
(0.000000000000e+00 1.087421326022e-11 0.000000000000e+00 0.000000000000e+00 0.000000000000e+00 0.000000000000e+00)
(0.000000000000e+00 3.137878025612e+00 0.000000000000e+00 0.000000000000e+00 0.000000000000e+00 0.000000000000e+00)
(0.000000000000e+00 1.623744486031e-20 0.000000000000e+00 0.000000000000e+00 0.000000000000e+00 0.000000000000e+00)
(0.000000000000e+00 -4.358811054476e-21 0.000000000000e+00 0.000000000000e+00 0.000000000000e+00 0.000000000000e+00)
(0.000000000000e+00 -3.622201706127e-21 0.000000000000e+00 0.000000000000e+00 0.000000000000e+00 0.000000000000e+00)
(0.000000000000e+00 -3.379059519224e-16 0.000000000000e+00 0.000000000000e+00 0.000000000000e+00 0.000000000000e+00)
)

F0               : (-4.871742576408e-12 6.282398020234e-01 1.649431158695e-20)
tau0             : (6.951261089052e-21 5.206436676978e-20 -3.059483005483e-16)

Time = 2.95216             6 6
(
(0.000000000000e+00 1.425929025873e-11 0.000000000000e+00 0.000000000000e+00 0.000000000000e+00 0.000000000000e+00)
(0.000000000000e+00 3.137878000971e+00 0.000000000000e+00 0.000000000000e+00 0.000000000000e+00 0.000000000000e+00)
(0.000000000000e+00 1.750284883525e-20 0.000000000000e+00 0.000000000000e+00 0.000000000000e+00 0.000000000000e+00)
(0.000000000000e+00 -3.645101350642e-21 0.000000000000e+00 0.000000000000e+00 0.000000000000e+00 0.000000000000e+00)
(0.000000000000e+00 -1.964371423422e-20 0.000000000000e+00 0.000000000000e+00 0.000000000000e+00 0.000000000000e+00)
(0.000000000000e+00 -3.354996299584e-16 0.000000000000e+00 0.000000000000e+00 0.000000000000e+00 0.000000000000e+00)
)

F0               : (-4.946751667144e-12 6.282396557605e-01 -4.223281408429e-20)
tau0             : (-3.774392061148e-20 6.012141355640e-21 -3.037663436761e-16)

Time = 2.96811             6 6
(
(0.000000000000e+00 1.110938115607e-11 0.000000000000e+00 0.000000000000e+00 0.000000000000e+00 0.000000000000e+00)
(0.000000000000e+00 3.137877975434e+00 0.000000000000e+00 0.000000000000e+00 0.000000000000e+00 0.000000000000e+00)
(0.000000000000e+00 1.158351003669e-20 0.000000000000e+00 0.000000000000e+00 0.000000000000e+00 0.000000000000e+00)
(0.000000000000e+00 -1.459850526183e-20 0.000000000000e+00 0.000000000000e+00 0.000000000000e+00 0.000000000000e+00)
(0.000000000000e+00 -1.353331453914e-20 0.000000000000e+00 0.000000000000e+00 0.000000000000e+00 0.000000000000e+00)
(0.000000000000e+00 -3.368695154483e-16 0.000000000000e+00 0.000000000000e+00 0.000000000000e+00 0.000000000000e+00)
)

F0               : (-3.513795564193e-12 6.282395081874e-01 7.755689830390e-21)
tau0             : (-2.342453754582e-21 1.393795771970e-20 -3.249811308731e-16)

Time = 2.98405             6 6
(
(0.000000000000e+00 4.574802147089e-12 0.000000000000e+00 0.000000000000e+00 0.000000000000e+00 0.000000000000e+00)
(0.000000000000e+00 3.137877949608e+00 0.000000000000e+00 0.000000000000e+00 0.000000000000e+00 0.000000000000e+00)
(0.000000000000e+00 -1.673627790995e-20 0.000000000000e+00 0.000000000000e+00 0.000000000000e+00 0.000000000000e+00)
(0.000000000000e+00 -2.561161653363e-20 0.000000000000e+00 0.000000000000e+00 0.000000000000e+00 0.000000000000e+00)
(0.000000000000e+00 -9.940993456765e-22 0.000000000000e+00 0.000000000000e+00 0.000000000000e+00 0.000000000000e+00)
(0.000000000000e+00 -3.230688753994e-16 0.000000000000e+00 0.000000000000e+00 0.000000000000e+00 0.000000000000e+00)
)

F0               : (-2.988930378699e-12 6.282393595984e-01 1.154574877502e-20)
tau0             : (9.532281133537e-21 4.522147885047e-20 -3.491740859125e-16)

Time = 3                   6 6
(
(0.000000000000e+00 4.314458156423e-12 0.000000000000e+00 0.000000000000e+00 0.000000000000e+00 0.000000000000e+00)
(0.000000000000e+00 3.137877923500e+00 0.000000000000e+00 0.000000000000e+00 0.000000000000e+00 0.000000000000e+00)
(0.000000000000e+00 7.422052475111e-21 0.000000000000e+00 0.000000000000e+00 0.000000000000e+00 0.000000000000e+00)
(0.000000000000e+00 -1.110684322708e-20 0.000000000000e+00 0.000000000000e+00 0.000000000000e+00 0.000000000000e+00)
(0.000000000000e+00 -1.817881096238e-20 0.000000000000e+00 0.000000000000e+00 0.000000000000e+00 0.000000000000e+00)
(0.000000000000e+00 -3.165526808614e-16 0.000000000000e+00 0.000000000000e+00 0.000000000000e+00 0.000000000000e+00)
)

F0               : (-2.686440683081e-12 6.282392089050e-01 -1.052689666416e-20)
tau0             : (-2.013112676954e-20 3.574314516815e-20 -3.570684329809e-16)

